WSH117	185	0.0	0.00335042859452635	0.0018901900217900374	0.0017803365949867044	0.0016454893298996508	0.0020254197195145327	0.0018706148310461753	0.0014994563164447547	0.0018952054755284216	0.0018012536241786869	0.002304144421338926	0.0011386642339552824	0.0019190203224522776	0.0019673218361829564	0.0021469535475973833	0.0019329655408598055	0.0020166449124468244	0.002033033592687375	0.003443058697701011	0.0018776166715868453	0.0017918999011617865	0.0018737241331745916	0.0019691744306563792
WSH086	186	0.00335042859452635	0.0	0.005155520014960785	0.0050482882346123675	0.004838009875551322	0.005263834777496352	0.0051359344337536805	0.004599483368789152	0.005185229332169378	0.005064979640369133	0.0014792015312951226	0.0042126471550554346	0.005165530972173223	0.005191105895580719	0.0053071973144609395	0.0051836123542724	0.0052925009619579876	0.0052577453106100215	0.00047852221296964295	0.0051653256456947886	0.005057219492651861	0.005139051814860745	0.005233666992761097
WSH125	187	0.0018901900217900374	0.005155520014960785	0.0	0.00021202701388006024	0.0004300236085415195	0.00021336958637454992	0.00015038782621550517	0.000827039041243157	7.21163937174872e-05	0.00018733651815726267	0.004139459872985506	0.0010918586996778717	5.7792480454993815e-05	0.00013333796865758413	0.00031063825244416775	9.398526745174818e-05	0.0001651937188558807	0.00019830447102186168	0.0052007397367204436	0.0001293550806322526	0.00023961910100039983	0.00012802952733093206	0.00012636982395018454
WSH095	188	0.0017803365949867044	0.0050482882346123675	0.00021202701388006024	0.0	0.0005547188543965722	0.00040136189713282526	9.036847433446769e-05	0.0009667600915212618	0.00025672442732362533	2.938055205759518e-05	0.004027246855551649	0.0010140421030982636	0.00023018783838299592	0.0003203643694310683	0.0005054818581022156	0.0003000004717315193	0.0003702954410959396	0.0003931480766799095	0.00509087359137603	0.00020882117823315004	4.07396144764496e-05	0.00013805323579009897	0.0003211835544487939
WSH128	191	0.0016454893298996508	0.004838009875551322	0.0004300236085415195	0.0005547188543965722	0.0	0.0006017257689386415	0.0005024126858346532	0.0005088016886777921	0.0004432341822789882	0.0005332733991009102	0.003797505157471523	0.0007535895152606822	0.0004782473721968426	0.0005486035222550193	0.0007258746957544749	0.0004962817892347191	0.0005718030999300975	0.0006119547408444666	0.004959648951197505	0.0004869467783858844	0.0005891374146143836	0.0004914808043788754	0.0005439236210945914
WSH091	192	0.0020254197195145327	0.005263834777496352	0.00021336958637454992	0.00040136189713282526	0.0006017257689386415	0.0	0.000349701956666629	0.0008484595396449741	0.00016498270082032803	0.0003769100231792715	0.004229796081108755	0.0012648690921133387	0.0001873324996194152	0.0001631711664353986	0.00012573054909791425	0.00013419154713113215	0.0001882723637114755	0.00010800488955199289	0.005286338143887486	0.0002285333460784311	0.00043893547765106014	0.0003382674067827128	9.653165003777587e-05
WSH118	195	0.0018706148310461753	0.0051359344337536805	0.00015038782621550517	9.036847433446769e-05	0.0005024126858346532	0.000349701956666629	0.0	0.0009024151239220462	0.0002019270288898671	7.894760881254831e-05	0.004114433911960498	0.0010964722792044484	0.00017253282795724094	0.00025275841121160736	0.0004409638299779869	0.00024437264388063064	0.0003154901468012755	0.00032863004855568085	0.00518115415551334	0.00018458324747193638	9.440009466327225e-05	7.906003141355385e-05	0.00026180816492908063
WSH087	196	0.0014994563164447547	0.004599483368789152	0.000827039041243157	0.0009667600915212618	0.0005088016886777921	0.0008484595396449741	0.0009024151239220462	0.0	0.0008398505828652468	0.0009397372390854719	0.003604993081531271	0.0005881914405136725	0.0008154648850788422	0.0008444157915509449	0.0009354938108039519	0.0007940387329522726	0.0008459424451300096	0.0008347320946331858	0.004738478474001046	0.0008074781343112079	0.0009966090065467142	0.0008832942976330575	0.0007918333902899048
WSH120	199	0.0018952054755284216	0.005185229332169378	7.21163937174872e-05	0.00025672442732362533	0.0004432341822789882	0.00016498270082032803	0.0002019270288898671	0.0008398505828652468	0.0	0.00023461223554421763	0.004141776486410876	0.0011286623686879256	8.146371749345843e-05	0.00012687520328823063	0.0002891357788878609	6.818469797698998e-05	0.00014964468603838134	0.0001752500424887694	0.005198346874719819	0.00015021424181672655	0.0002911678093437374	0.0001889607426170467	0.00010731043673769255
WSH103	200	0.0018012536241786869	0.005064979640369133	0.00018733651815726267	2.938055205759518e-05	0.0005332733991009102	0.0003769100231792715	7.894760881254831e-05	0.0009397372390854719	0.00023461223554421763	0.0	0.004048069222833563	0.001039545668375351	0.00020316843146332589	0.00029490150118559354	0.00047845426760022985	0.00027703513743287136	0.00034817721206163	0.0003661204861779238	0.005110139419983749	0.00018670769786914776	6.754157802120841e-05	0.00011888617842136864	0.00029415596394680827
WSH122	205	0.002304144421338926	0.0014792015312951226	0.004139459872985506	0.004027246855551649	0.003797505157471523	0.004229796081108755	0.004114433911960498	0.003604993081531271	0.004141776486410876	0.004048069222833563	0.0	0.00319032327375924	0.004154216247928329	0.004143309718363546	0.004330232479102097	0.004165817386485546	0.0042721599084908	0.004241742419506308	0.0013345210609006157	0.004133833747139205	0.004032606512459414	0.004080283813539845	0.004217653751042076
WSH105	206	0.0011386642339552824	0.0042126471550554346	0.0010918586996778717	0.0010140421030982636	0.0007535895152606822	0.0012648690921133387	0.0010964722792044484	0.0005881914405136725	0.0011286623686879256	0.001039545668375351	0.00319032327375924	0.0	0.0011487505441707528	0.0011969225088656467	0.0013749106631368514	0.001149147628476214	0.0012182436507614221	0.001262542241658768	0.004376767377486457	0.0010867840007974792	0.0010210691772587213	0.0010777500109351518	0.0011906277474016394
WSH111	207	0.0019190203224522776	0.005165530972173223	5.7792480454993815e-05	0.00023018783838299592	0.0004782473721968426	0.0001873324996194152	0.00017253282795724094	0.0008154648850788422	8.146371749345843e-05	0.00020316843146332589	0.004154216247928329	0.0011487505441707528	0.0	0.00010832888308154041	0.0002870214480875396	9.764783023953871e-05	0.00016882641632816382	0.0001778047424912454	0.005208447356541164	0.00013232002435390377	0.0002617527071397004	0.00016500456360034172	0.00011209718034016982
WSH089	208	0.0019673218361829564	0.005191105895580719	0.00013333796865758413	0.0003203643694310683	0.0005486035222550193	0.0001631711664353986	0.00025275841121160736	0.0008444157915509449	0.00012687520328823063	0.00029490150118559354	0.004143309718363546	0.0011969225088656467	0.00010832888308154041	0.0	0.0002534292615213752	0.00010933962518575896	0.00021450105716858418	0.00013908541218609325	0.005233979943342389	0.00023329948020764054	0.0003440214235845531	0.00019871981221500676	0.00012337626516258123
WSH088	210	0.0021469535475973833	0.0053071973144609395	0.00031063825244416775	0.0005054818581022156	0.0007258746957544749	0.00012573054909791425	0.0004409638299779869	0.0009354938108039519	0.0002891357788878609	0.00047845426760022985	0.004330232479102097	0.0013749106631368514	0.0002870214480875396	0.0002534292615213752	0.0	0.00023897885354777346	0.0002908865538539672	0.0001281777482310876	0.005349307108458553	0.00034305407584441807	0.0005353487693109142	0.0004269626433320135	0.00018664008778529148
WSH126	211	0.0019329655408598055	0.0051836123542724	9.398526745174818e-05	0.0003000004717315193	0.0004962817892347191	0.00013419154713113215	0.00024437264388063064	0.0007940387329522726	6.818469797698998e-05	0.00027703513743287136	0.004165817386485546	0.001149147628476214	9.764783023953871e-05	0.00010933962518575896	0.00023897885354777346	0.0	0.00012767056856346332	0.00012509699892322495	0.0052223644578750636	0.0001456193900992083	0.000333587271336907	0.00022199624161151082	9.090589368142816e-05
WSH106	212	0.0020166449124468244	0.0052925009619579876	0.0001651937188558807	0.0003702954410959396	0.0005718030999300975	0.0001882723637114755	0.0003154901468012755	0.0008459424451300096	0.00014964468603838134	0.00034817721206163	0.0042721599084908	0.0012182436507614221	0.00016882641632816382	0.00021450105716858418	0.0002908865538539672	0.00012767056856346332	0.0	0.000212308284142071	0.005328721743694008	0.00017341117551961037	0.0004047388231160517	0.0002931404780180125	0.00010662644013006504
WSH093	214	0.002033033592687375	0.0052577453106100215	0.00019830447102186168	0.0003931480766799095	0.0006119547408444666	0.00010800488955199289	0.00032863004855568085	0.0008347320946331858	0.0001752500424887694	0.0003661204861779238	0.004241742419506308	0.001262542241658768	0.0001778047424912454	0.00013908541218609325	0.0001281777482310876	0.00012509699892322495	0.000212308284142071	0.0	0.005298309480002895	0.000246623374222205	0.00042301498788860803	0.0003095163008738022	0.00012743585197598804
WSH101	218	0.003443058697701011	0.00047852221296964295	0.0052007397367204436	0.00509087359137603	0.004959648951197505	0.005286338143887486	0.00518115415551334	0.004738478474001046	0.005198346874719819	0.005110139419983749	0.0013345210609006157	0.004376767377486457	0.005208447356541164	0.005233979943342389	0.005349307108458553	0.0052223644578750636	0.005328721743694008	0.005298309480002895	0.0	0.005190418429981924	0.00510243921441152	0.005184271536620403	0.0052781356346902385
WSH114	219	0.0018776166715868453	0.0051653256456947886	0.0001293550806322526	0.00020882117823315004	0.0004869467783858844	0.0002285333460784311	0.00018458324747193638	0.0008074781343112079	0.00015021424181672655	0.00018670769786914776	0.004133833747139205	0.0010867840007974792	0.00013232002435390377	0.00023329948020764054	0.00034305407584441807	0.0001456193900992083	0.00017341117551961037	0.000246623374222205	0.005190418429981924	0.0	0.00024328414807923168	0.000150470306062425	0.0001595415874085861
WSH096	220	0.0017918999011617865	0.005057219492651861	0.00023961910100039983	4.07396144764496e-05	0.0005891374146143836	0.00043893547765106014	9.440009466327225e-05	0.0009966090065467142	0.0002911678093437374	6.754157802120841e-05	0.004032606512459414	0.0010210691772587213	0.0002617527071397004	0.0003440214235845531	0.0005353487693109142	0.000333587271336907	0.0004047388231160517	0.00042301498788860803	0.00510243921441152	0.00024328414807923168	0.0	0.00015858398237294916	0.0003510504656574925
WSH124	223	0.0018737241331745916	0.005139051814860745	0.00012802952733093206	0.00013805323579009897	0.0004914808043788754	0.0003382674067827128	7.906003141355385e-05	0.0008832942976330575	0.0001889607426170467	0.00011888617842136864	0.004080283813539845	0.0010777500109351518	0.00016500456360034172	0.00019871981221500676	0.0004269626433320135	0.00022199624161151082	0.0002931404780180125	0.0003095163008738022	0.005184271536620403	0.000150470306062425	0.00015858398237294916	0.0	0.0002503733232846494
WSH090	224	0.0019691744306563792	0.005233666992761097	0.00012636982395018454	0.0003211835544487939	0.0005439236210945914	9.653165003777587e-05	0.00026180816492908063	0.0007918333902899048	0.00010731043673769255	0.00029415596394680827	0.004217653751042076	0.0011906277474016394	0.00011209718034016982	0.00012337626516258123	0.00018664008778529148	9.090589368142816e-05	0.00010662644013006504	0.00012743585197598804	0.0052781356346902385	0.0001595415874085861	0.0003510504656574925	0.0002503733232846494	0.0
