8
1156       0.0000000 0.0078539 0.0118070 0.0039182 0.0157876 0.0157776 0.0118145 0.0157776 
1158       0.0078539 0.0000000 0.0038852 0.0039162 0.0077924 0.0077876 0.0038875 0.0077876 
848        0.0118070 0.0038852 0.0000000 0.0078499 0.0038570 0.0038546 0.0077924 0.0038546 
18         0.0039182 0.0039162 0.0078499 0.0000000 0.0118084 0.0118010 0.0078548 0.0118010 
850        0.0157876 0.0077924 0.0038570 0.0118084 0.0000000 0.0077310 0.0117216 0.0077310 
1143       0.0157776 0.0077876 0.0038546 0.0118010 0.0077310 0.0000000 0.0117144 0.0077263 
1146       0.0118145 0.0038875 0.0077924 0.0078548 0.0117216 0.0117144 0.0000000 0.0117144 
1373       0.0157776 0.0077876 0.0038546 0.0118010 0.0077310 0.0077263 0.0117144 0.0000000 
