WSH117	185	0	0.09124698715760296	0.5253274416284197	0.5360226492815005	0.35423261712218834	0.5308278353161308	0.5027689922173396	0.49086814787995264	0.28488345338490434	0.2567053677642023	0.22833909924392842	0.44437736788075843	0.3600102303211121	0.3270316959484201	0.2593429990564015	0.3456027137165672	0.49014620066641584	0.4836365920288551	0.36121712000781686	0.5713912221691191	0.35613065091967333	0.3655156612357833	0.59633896406212	0.610726757610247	0.4481201196537213	0.45456880343473266	0.2723670981394898	0.2863818702503039
WSH086	186	0.09124698715760296	0	0.507300832418318	0.4970989631248202	0.3888767164211374	0.5307622064099788	0.4818062863646094	0.5414841372956114	0.34228205617863433	0.19290098405358833	0.16185963393526273	0.5151351385669485	0.33832917986203936	0.30586298624527775	0.22084500072153843	0.3301363266236361	0.45122742302270025	0.5068245734583557	0.33143671904115946	0.5971599943369588	0.2959254343790235	0.3123034559413193	0.5737479384304071	0.5848439321463217	0.4995085992633828	0.4912367879798778	0.2300904173002111	0.22026603367567438
WSH127	189	0.5253274416284197	0.507300832418318	0	0.07586003675448226	0.430036309100261	0.15700840822189432	0.1760121297080147	0.40457512209850177	0.44573801641522903	0.4473396483120007	0.44122369161965436	0.5223843177561807	0.36771846541278447	0.35618930262037657	0.44106521384261976	0.35947747706292776	0.21861564814991047	0.26281799462010114	0.27150101053588066	0.45110373738368015	0.4328285894661245	0.42249312145174683	0.29465979912770396	0.31099639801296763	0.4342601814638594	0.5228667076900413	0.44212129398621464	0.47131572878267797
WSH102	190	0.5360226492815005	0.4970989631248202	0.07586003675448226	0	0.4292569209536746	0.161615702969868	0.11479524390702626	0.43933691676185427	0.43751607177066293	0.4371377790185031	0.4310218223261565	0.547368018447009	0.3823363904538283	0.36598131837061565	0.4320656670965342	0.36814630598281656	0.1543381726074484	0.23699824005813475	0.24581434660669105	0.41454999780548424	0.42262672017262687	0.4125043771023088	0.2749784305173782	0.24717657075538796	0.44781908918997304	0.5206738616517788	0.45127577217643405	0.46111385948918043
WSH128	191	0.35423261712218834	0.3888767164211374	0.430036309100261	0.4292569209536746	0	0.4888733028201204	0.44472016884766924	0.33680585811495056	0.26209532501151195	0.35426750360123377	0.3022115051096599	0.3069609488651735	0.40815804764306385	0.39677657983795095	0.3126502546783226	0.3986064365821958	0.4463813736636104	0.46080430640518005	0.4660773011321111	0.39528252718789136	0.38374021223217225	0.3302157436565038	0.5473987131572409	0.5634905808726755	0.2607895707119898	0.2730881582130444	0.3787158681805306	0.38710522444000367
WSH116	193	0.5308278353161308	0.5307622064099788	0.15700840822189432	0.161615702969868	0.4888733028201204	0	0.12347346023687521	0.4596522460575128	0.48840566002748126	0.4946783331426565	0.4857031690851346	0.5223843177561804	0.41360845450205874	0.4013694579766959	0.4691328355363589	0.4036990154052177	0.18461418516830516	0.2035699563324157	0.2541630155086667	0.42931785257159627	0.4669849810294606	0.4736326629207944	0.21225090933319354	0.23997846563508066	0.49434504964547377	0.5598435362400264	0.48488451973491453	0.5018021766494201
WSH085	194	0.5027689922173396	0.4818062863646094	0.1760121297080147	0.11479524390702626	0.44472016884766924	0.12347346023687521	0	0.45433306324846395	0.4201387743148869	0.445722413097287	0.42032534459755866	0.547368018447009	0.41793502541790256	0.4007522278553217	0.42888439955856245	0.40290206108165205	0.11220371019320155	0.22037196034720682	0.24755573125859287	0.40492852928604967	0.4174481166789531	0.4295873101674884	0.2707004946807455	0.24463603476839085	0.5112842958780368	0.5595260000925834	0.48736435400166556	0.47596965460343993
WSH118	195	0.49086814787995264	0.5414841372956114	0.40457512209850177	0.43933691676185427	0.33680585811495056	0.4596522460575128	0.45433306324846395	0	0.30659361174392447	0.5577482096791482	0.5389005561471536	0.42097220152134496	0.5260719964520224	0.5074594088711689	0.5199573194437324	0.5075011691539395	0.45495539672921465	0.3739975650891766	0.4327952969842497	0.3497028561907356	0.5373878899398477	0.525201413108642	0.5242910791722004	0.5224015272091768	0.42216016133889517	0.3925407425077297	0.5489531326705672	0.5766255876343248
WSH087	196	0.28488345338490434	0.34228205617863433	0.44573801641522903	0.43751607177066293	0.26209532501151195	0.48840566002748126	0.4201387743148869	0.30659361174392447	0	0.3777411180841392	0.33470892397794183	0.39660251918457456	0.4102446902283701	0.39713363174770755	0.39318631675510723	0.39955150937501527	0.41462805630254124	0.3895752934667603	0.31995837841789443	0.4259701591733413	0.40332027148014377	0.39251789539552634	0.5329680609907759	0.5667099120692439	0.4036502076653249	0.3642870366947004	0.4422279901660011	0.46038099127075055
WSH110	197	0.2567053677642023	0.19290098405358833	0.4473396483120007	0.4371377790185031	0.35426750360123377	0.4946783331426565	0.445722413097287	0.5577482096791482	0.3777411180841392	0	0.07777777645990336	0.48755410954470224	0.2975516738710857	0.2940727381407976	0.19790462471913506	0.2962942759480882	0.3967227853104896	0.490394668668535	0.351632068987375	0.6122005661945974	0.1460298234255482	0.17085747897933043	0.5238191133969665	0.5521445126231177	0.41904669164192165	0.4520842998797914	0.17394897707154505	0.18107539581910656
WSH104	198	0.22833909924392842	0.16185963393526273	0.44122369161965436	0.4310218223261565	0.3022115051096599	0.4857031690851346	0.42032534459755866	0.5389005561471536	0.33470892397794183	0.07777777645990336	0	0.4748092389020058	0.2895577615053633	0.2846796852903852	0.18813561029327192	0.2870676419954801	0.40519226497960315	0.4933168150349061	0.3406027285939462	0.5949382245766396	0.15782576848848415	0.15502275594715173	0.5466933976774898	0.557685883447998	0.4167689541663328	0.4338379430887416	0.19935593316204825	0.20322541684096676
WSH120	199	0.44437736788075843	0.5151351385669485	0.5223843177561807	0.547368018447009	0.3069609488651735	0.5223843177561804	0.547368018447009	0.42097220152134496	0.39660251918457456	0.48755410954470224	0.4748092389020058	0	0.49989144690610454	0.4967480801102428	0.4355174803454865	0.5015031488805114	0.5612755051028328	0.4980206684018412	0.5204303909917419	0.37217753237829715	0.511157388048916	0.5063163445552554	0.5788411506360489	0.5719301227987067	0.41344334139940336	0.360160591916311	0.4788074392029889	0.5080536415898715
WSH112	201	0.3600102303211121	0.33832917986203936	0.36771846541278447	0.3823363904538283	0.40815804764306385	0.41360845450205874	0.41793502541790256	0.5260719964520224	0.4102446902283701	0.2975516738710857	0.2895577615053633	0.49989144690610454	0	0.04769043016329541	0.35017997839455733	0.06373796298665613	0.43672207871573193	0.4856309107176834	0.3515826860204858	0.6054413607772725	0.30413740912187986	0.2854133238427723	0.5536772176252348	0.5614642934969354	0.30541596928273324	0.3602589496509603	0.343390454441197	0.32551225421720364
WSH092	202	0.3270316959484201	0.30586298624527775	0.35618930262037657	0.36598131837061565	0.39677657983795095	0.4013694579766959	0.4007522278553217	0.5074594088711689	0.39713363174770755	0.2940727381407976	0.2846796852903852	0.4967480801102428	0.04769043016329541	0	0.3405798701203539	0.049098815221408916	0.4203845775600329	0.47394210412400745	0.3396211213984969	0.5915176806167846	0.31021798529599104	0.2908380111002923	0.5378251268808829	0.5456122027525832	0.3140189126302303	0.36573240317540334	0.3443609654445685	0.34655926454226876
WSH115	203	0.2593429990564015	0.22084500072153843	0.44106521384261976	0.4320656670965342	0.3126502546783226	0.4691328355363589	0.42888439955856245	0.5199573194437324	0.39318631675510723	0.19790462471913506	0.18813561029327192	0.4355174803454865	0.35017997839455733	0.3405798701203539	0	0.342944452710908	0.4246136427754334	0.4983984310244674	0.4039870756957158	0.5903350587554193	0.21113309336807734	0.2155412002977892	0.5368268463499583	0.5543476058316567	0.44543447703836625	0.43909104456992265	0.18898541714348402	0.1995849395658583
WSH107	204	0.3456027137165672	0.3301363266236361	0.35947747706292776	0.36814630598281656	0.3986064365821958	0.4036990154052177	0.40290206108165205	0.5075011691539395	0.39955150937501527	0.2962942759480882	0.2870676419954801	0.5015031488805114	0.06373796298665613	0.049098815221408916	0.342944452710908	0	0.4205592225491459	0.4733197575872723	0.34629596926281536	0.5895898697914915	0.2931168682909491	0.2743573097553285	0.5361621403772454	0.544868931798362	0.30344769414047434	0.36922833523276916	0.3512697695399547	0.34965573861093835
WSH122	205	0.49014620066641584	0.45122742302270025	0.21861564814991047	0.1543381726074484	0.4463813736636104	0.18461418516830516	0.11220371019320155	0.45495539672921465	0.41462805630254124	0.3967227853104896	0.40519226497960315	0.5612755051028328	0.43672207871573193	0.4203845775600329	0.4246136427754334	0.4205592225491459	0	0.1567627538965632	0.20463990598550977	0.41442614419416673	0.3975937592785292	0.4280170105515373	0.22755466658479837	0.2159518574806751	0.5147301944627845	0.5720063371822823	0.44748325874469747	0.4555186115264991
WSH105	206	0.4836365920288551	0.5068245734583557	0.26281799462010114	0.23699824005813475	0.46080430640518005	0.2035699563324157	0.22037196034720682	0.3739975650891766	0.3895752934667603	0.490394668668535	0.4933168150349061	0.4980206684018412	0.4856309107176834	0.47394210412400745	0.4983984310244674	0.4733197575872723	0.1567627538965632	0	0.27783462998208636	0.3731846163420213	0.5131324925300746	0.4954386873241059	0.23179775726080357	0.23717542070986214	0.521487613700742	0.5500122107856457	0.4997388780604985	0.519882816874221
WSH119	209	0.36121712000781686	0.33143671904115946	0.27150101053588066	0.24581434660669105	0.4660773011321111	0.2541630155086667	0.24755573125859287	0.4327952969842497	0.31995837841789443	0.351632068987375	0.3406027285939462	0.5204303909917419	0.3515826860204858	0.3396211213984969	0.4039870756957158	0.34629596926281536	0.20463990598550977	0.27783462998208636	0	0.4458817816619949	0.39248503535135326	0.40135985654415035	0.36559265717824285	0.38115027859991796	0.5106255442339455	0.5370081988107097	0.40206680017038565	0.4327782198197031
WSH088	210	0.5713912221691191	0.5971599943369588	0.45110373738368015	0.41454999780548424	0.39528252718789136	0.42931785257159627	0.40492852928604967	0.3497028561907356	0.4259701591733413	0.6122005661945974	0.5949382245766396	0.37217753237829715	0.6054413607772725	0.5915176806167846	0.5903350587554193	0.5895898697914915	0.41442614419416673	0.3731846163420213	0.4458817816619949	0	0.6079399798061893	0.6031388146418857	0.4640938615354742	0.43617548177700965	0.45604925602584073	0.4137187230946925	0.6328333698241979	0.6477170680938803
WSH109	213	0.35613065091967333	0.2959254343790235	0.4328285894661245	0.42262672017262687	0.38374021223217225	0.4669849810294606	0.4174481166789531	0.5373878899398477	0.40332027148014377	0.1460298234255482	0.15782576848848415	0.511157388048916	0.30413740912187986	0.31021798529599104	0.21113309336807734	0.2931168682909491	0.3975937592785292	0.5131324925300746	0.39248503535135326	0.6079399798061893	0	0.09187646110112765	0.5198036540416221	0.5301088113508605	0.4192295839838677	0.4622988206935081	0.22743750807930546	0.21268323327636832
WSH094	216	0.3655156612357833	0.3123034559413193	0.42249312145174683	0.4125043771023088	0.3302157436565038	0.4736326629207944	0.4295873101674884	0.525201413108642	0.39251789539552634	0.17085747897933043	0.15502275594715173	0.5063163445552554	0.2854133238427723	0.2908380111002923	0.2155412002977892	0.2743573097553285	0.4280170105515373	0.4954386873241059	0.40135985654415035	0.6031388146418857	0.09187646110112765	0	0.5372590948105589	0.5527567437642333	0.4128627718506818	0.4543410993097794	0.2127166709457757	0.22315280127896983
WSH121	217	0.59633896406212	0.5737479384304071	0.29465979912770396	0.2749784305173782	0.5473987131572409	0.21225090933319354	0.2707004946807455	0.5242910791722004	0.5329680609907759	0.5238191133969665	0.5466933976774898	0.5788411506360489	0.5536772176252348	0.5378251268808829	0.5368268463499583	0.5361621403772454	0.22755466658479837	0.23179775726080357	0.36559265717824285	0.4640938615354742	0.5198036540416221	0.5372590948105589	0	0.12532940637914924	0.5660750137957997	0.6284542814819841	0.5170227713173586	0.536137079656942
WSH101	218	0.610726757610247	0.5848439321463217	0.31099639801296763	0.24717657075538796	0.5634905808726755	0.23997846563508066	0.24463603476839085	0.5224015272091768	0.5667099120692439	0.5521445126231177	0.557685883447998	0.5719301227987067	0.5614642934969354	0.5456122027525832	0.5543476058316567	0.544868931798362	0.2159518574806751	0.23717542070986214	0.38115027859991796	0.43617548177700965	0.5301088113508605	0.5527567437642333	0.12532940637914924	0	0.6020812258476789	0.6428932257804765	0.5472277684470055	0.544787124656538
WSH114	219	0.4481201196537213	0.4995085992633828	0.4342601814638594	0.44781908918997304	0.2607895707119898	0.49434504964547377	0.5112842958780368	0.42216016133889517	0.4036502076653249	0.41904669164192165	0.4167689541663328	0.41344334139940336	0.30541596928273324	0.3140189126302303	0.44543447703836625	0.30344769414047434	0.5147301944627845	0.521487613700742	0.5106255442339455	0.45604925602584073	0.4192295839838677	0.4128627718506818	0.5660750137957997	0.6020812258476789	0	0.20261317401694243	0.42657821495267106	0.44660525771598375
WSH096	220	0.45456880343473266	0.4912367879798778	0.5228667076900413	0.5206738616517788	0.2730881582130444	0.5598435362400264	0.5595260000925834	0.3925407425077297	0.3642870366947004	0.4520842998797914	0.4338379430887416	0.360160591916311	0.3602589496509603	0.36573240317540334	0.43909104456992265	0.36922833523276916	0.5720063371822823	0.5500122107856457	0.5370081988107097	0.4137187230946925	0.4622988206935081	0.4543410993097794	0.6284542814819841	0.6428932257804765	0.20261317401694243	0	0.4988412026180581	0.485640659839309
WSH113	221	0.2723670981394898	0.2300904173002111	0.44212129398621464	0.45127577217643405	0.3787158681805306	0.48488451973491453	0.48736435400166556	0.5489531326705672	0.4422279901660011	0.17394897707154505	0.19935593316204825	0.4788074392029889	0.343390454441197	0.3443609654445685	0.18898541714348402	0.3512697695399547	0.44748325874469747	0.4997388780604985	0.40206680017038565	0.6328333698241979	0.22743750807930546	0.2127166709457757	0.5170227713173586	0.5472277684470055	0.42657821495267106	0.4988412026180581	0	0.09103643691114165
WSH108	222	0.2863818702503039	0.22026603367567438	0.47131572878267797	0.46111385948918043	0.38710522444000367	0.5018021766494201	0.47596965460343993	0.5766255876343248	0.46038099127075055	0.18107539581910656	0.20322541684096676	0.5080536415898715	0.32551225421720364	0.34655926454226876	0.1995849395658583	0.34965573861093835	0.4555186115264991	0.519882816874221	0.4327782198197031	0.6477170680938803	0.21268323327636832	0.22315280127896983	0.536137079656942	0.544787124656538	0.44660525771598375	0.485640659839309	0.09103643691114165	0
