WSH117	185	0.0	0.0025246419929172807	0.012109638285617261	0.012351388034428291	0.010195045317135075	0.01045796051758063	0.010968222961723846	0.011013790048868252	0.007929965129110149	0.006909029147788126	0.006515667903670265	0.011384126750470437	0.00812132594885942	0.006722469589064811	0.007597315639224776	0.008055668910324996	0.01080458856075011	0.008247007957173164	0.005494378168378887	0.013676237060163595	0.008080118217038364	0.007399073040470647	0.011794592930038969	0.012146957517948889	0.010600823403544825	0.012090303417528425	0.007186282904022505	0.007378655508512995
WSH086	186	0.0025246419929172807	0.0	0.010220133708766161	0.010461791399861763	0.011408879309448073	0.008568556510584312	0.009078726897012097	0.012873628209765332	0.0097882062372418	0.004766415912454622	0.004449786412578868	0.01317932637058995	0.006081535290015183	0.004706894187100311	0.005652690153384547	0.006083227923044566	0.008914991926183578	0.008982648683602414	0.003491751733519394	0.015754657826748775	0.006018478969989669	0.005350652478117175	0.009891894605511124	0.010245801761661181	0.01240056690374562	0.013954371440691034	0.005080130886442487	0.00525525052362124
WSH127	189	0.012109638285617261	0.010220133708766161	0.0	0.0006389844983577058	0.010020578559457455	0.0025301471916327287	0.0019522252884992216	0.01159797838052661	0.010932994718506537	0.006885738527508983	0.006533697412157225	0.012878230212855418	0.00538553453045045	0.006659187116006658	0.006100491537772134	0.0054922424693676355	0.0025548641077677674	0.00514887279926927	0.007739095848348073	0.014429960356203211	0.005803579650090933	0.006370433939330298	0.0037982197767196272	0.004312551937539142	0.010517528496117007	0.013449550785750417	0.006834629247551401	0.006865882708118949
WSH102	190	0.012351388034428291	0.010461791399861763	0.0006389844983577058	0.0	0.010127011855273847	0.0026817326563803286	0.001782871313247416	0.012036849768860377	0.011173947417500087	0.007127396218604585	0.006775377618332072	0.01295204745202477	0.0056370264448951	0.006909070189616687	0.006353829478670725	0.005745347108461871	0.002182317884537196	0.005080165691258682	0.007664829067174186	0.014215219708542996	0.00604525257051354	0.006612114207043548	0.00353100141361228	0.0037345347093407795	0.010759328826864636	0.013732942660740472	0.007076372728716834	0.00710754039921455
WSH128	191	0.010195045317135075	0.011408879309448073	0.010020578559457455	0.010127011855273847	0.0	0.009099869868437232	0.00894859740050079	0.004356236390772164	0.004085969674375205	0.008641758655049382	0.008082761622799785	0.0037226956379904255	0.009440527166705969	0.010992130216167031	0.008450726120450605	0.009649698208125418	0.009198765277669494	0.008268738546264255	0.011476870998774303	0.007281945720479146	0.008450991616394852	0.008537234608291302	0.010826323230350666	0.010975134409017621	0.0031228897395802085	0.004383697291154264	0.009222130824143769	0.009428631001017086
WSH116	193	0.01045796051758063	0.008568556510584312	0.0025301471916327287	0.0026817326563803286	0.009099869868437232	0.0	0.0011779383080972874	0.010221627608767613	0.009417010581900708	0.0054799278234785	0.00505973072512255	0.011700617284474295	0.006178699711051196	0.007666849757575915	0.004474881491962852	0.006453746756184708	0.0013963749720142208	0.003747403037631729	0.005713716173655771	0.013197392385390668	0.004671383946562276	0.00517727087987648	0.0027831048729487313	0.0030638632522856715	0.010358862558428147	0.012135546242697644	0.005324820819098698	0.005214482350478297
WSH085	194	0.010968222961723846	0.009078726897012097	0.0019522252884992216	0.001782871313247416	0.00894859740050079	0.0011779383080972874	0.0	0.010653535911555405	0.009926010227284772	0.005886075592522939	0.0053925848438658285	0.01179881211061546	0.006183216477383517	0.007668044167758073	0.004989541052734912	0.006466473838898859	0.000873488832551315	0.003900373160007494	0.006371571989549976	0.013104351002853586	0.004758108014204448	0.005318958943611465	0.0025580791517415963	0.0027387277584308674	0.010352907467721773	0.012402992607675113	0.005835113022967188	0.005724659313273163
WSH118	195	0.011013790048868252	0.012873628209765332	0.01159797838052661	0.012036849768860377	0.004356236390772164	0.010221627608767613	0.010653535911555405	0.0	0.003704530221845668	0.011300771978435632	0.011022711130426827	0.0040985696573235305	0.01192492963146654	0.013377521626405953	0.011032181844811402	0.01195685781489322	0.01048983827444856	0.008278597148434205	0.012039322913655805	0.005970891955756984	0.01131732378362681	0.011344082899446203	0.011152324253051083	0.011551023062038146	0.00448500483607807	0.0051214523750917045	0.0113442717567905	0.011341020342024522
WSH087	196	0.007929965129110149	0.0097882062372418	0.010932994718506537	0.011173947417500087	0.004085969674375205	0.009417010581900708	0.009926010227284772	0.003704530221845668	0.0	0.008845862630331564	0.008566902243157499	0.004778637741223213	0.009517148366175093	0.010999711668570201	0.008534883986547129	0.009697947591415904	0.00962724936796925	0.007337425023765473	0.010063949356008019	0.007277817720945987	0.009156634130908108	0.00898871899340617	0.01061423452987809	0.011103403303145267	0.004179646083202296	0.005437625498387603	0.008935731284291905	0.009023642887701959
WSH110	197	0.006909029147788126	0.004766415912454622	0.006885738527508983	0.007127396218604585	0.008641758655049382	0.0054799278234785	0.005886075592522939	0.011300771978435632	0.008845862630331564	0.0	0.0009696838627139848	0.011679598017107828	0.0035269546193404597	0.005122998486409116	0.0030462483054292293	0.0037485183871313835	0.005752513799601466	0.007278200258224223	0.005495685180083387	0.014999046145675116	0.0020423050402986614	0.0014375942062053392	0.0074519440998124485	0.0077293753028171595	0.009611344425147501	0.011438769560987844	0.0021704203954189937	0.0026838399327299735
WSH104	198	0.006515667903670265	0.004449786412578868	0.006533697412157225	0.006775377618332072	0.008082761622799785	0.00505973072512255	0.0053925848438658285	0.011022711130426827	0.008566902243157499	0.0009696838627139848	0.0	0.011261701646853186	0.003024232562158344	0.004609522243251725	0.002846776591500686	0.0032400734993490244	0.005544448715490713	0.007061147223297183	0.005134502115274069	0.014473538108131926	0.001882329870660084	0.0012714504114772157	0.007231676291076747	0.007353449159910629	0.009113927907731597	0.01089440592692038	0.002184381254296309	0.002668845661633892
WSH120	199	0.011384126750470437	0.01317932637058995	0.012878230212855418	0.01295204745202477	0.0037226956379904255	0.011700617284474295	0.01179881211061546	0.0040985696573235305	0.004778637741223213	0.011679598017107828	0.011261701646853186	0.0	0.012460162002552967	0.014000296364822837	0.010960520801062832	0.012714488693968044	0.011592581068552297	0.009406586121227868	0.013570550315811857	0.0055027493337959045	0.011836232465436549	0.011904275408553665	0.012439714190712655	0.01268196526713339	0.004802508884714059	0.004521902634959637	0.011804579564690568	0.011745671960023837
WSH112	201	0.00812132594885942	0.006081535290015183	0.00538553453045045	0.0056370264448951	0.009440527166705969	0.006178699711051196	0.006183216477383517	0.01192492963146654	0.009517148366175093	0.0035269546193404597	0.003024232562158344	0.012460162002552967	0.0	0.0017820406814402171	0.00540281570036447	0.0006209874777006847	0.006899247317037037	0.008268098785255255	0.006135605183969642	0.0149916490038516	0.0037817640055405046	0.0032206759568443057	0.008544796206831828	0.008717119545795501	0.008556277730947543	0.011527506306850637	0.004888344591311969	0.0052503117818860235
WSH092	202	0.006722469589064811	0.004706894187100311	0.006659187116006658	0.006909070189616687	0.010992130216167031	0.007666849757575915	0.007668044167758073	0.013377521626405953	0.010999711668570201	0.005122998486409116	0.004609522243251725	0.014000296364822837	0.0017820406814402171	0.0	0.0069487696409186615	0.0017855802028984582	0.008391396348790867	0.009797064453015283	0.00493807027070238	0.01647751575234393	0.005454440205028846	0.004880182485893624	0.010040247678250099	0.010212571017213769	0.010060526112217088	0.0130361477497632	0.006521448048836042	0.006900833426213757
WSH115	203	0.007597315639224776	0.005652690153384547	0.006100491537772134	0.006353829478670725	0.008450726120450605	0.004474881491962852	0.004989541052734912	0.011032181844811402	0.008534883986547129	0.0030462483054292293	0.002846776591500686	0.010960520801062832	0.00540281570036447	0.0069487696409186615	0.0	0.005596823573739928	0.00488179636698856	0.00623927420475021	0.006448337052541954	0.014474964131032886	0.0022793399884166845	0.0027370369117467657	0.006231099819862054	0.006496139078630183	0.010117025079769464	0.011590414911591638	0.0018015198811683103	0.0017135314688465628
WSH107	204	0.008055668910324996	0.006083227923044566	0.0054922424693676355	0.005745347108461871	0.009649698208125418	0.006453746756184708	0.006466473838898859	0.01195685781489322	0.009697947591415904	0.0037485183871313835	0.0032400734993490244	0.012714488693968044	0.0006209874777006847	0.0017855802028984582	0.005596823573739928	0.0	0.007173610725330237	0.008574001808068754	0.006360619097097505	0.015154499620287074	0.00409643083738297	0.003531789528252379	0.008808548635326735	0.00898087574357238	0.008673179423565349	0.011738806301942913	0.005169471508925846	0.005531522556398391
WSH122	205	0.01080458856075011	0.008914991926183578	0.0025548641077677674	0.002182317884537196	0.009198765277669494	0.0013963749720142208	0.000873488832551315	0.01048983827444856	0.00962724936796925	0.005752513799601466	0.005544448715490713	0.011592581068552297	0.006899247317037037	0.008391396348790867	0.00488179636698856	0.007173610725330237	0.0	0.0032532057002302305	0.006077820507211118	0.012942168007676459	0.0053094298565235796	0.005791112386219429	0.0018678150533852143	0.0021837957988128016	0.01084631843769017	0.012600687480178095	0.0055303768127655	0.005561387595335773
WSH105	206	0.008247007957173164	0.008982648683602414	0.00514887279926927	0.005080165691258682	0.008268738546264255	0.003747403037631729	0.003900373160007494	0.008278597148434205	0.007337425023765473	0.007278200258224223	0.007061147223297183	0.009406586121227868	0.008268098785255255	0.009797064453015283	0.00623927420475021	0.008574001808068754	0.0032532057002302305	0.0	0.007244847735172286	0.010403067396390415	0.007147265127293712	0.00740145369456657	0.0037979263003589535	0.004444094265114664	0.010014272036759028	0.011664534602134737	0.006820337619356968	0.00660733087111945
WSH119	209	0.005494378168378887	0.003491751733519394	0.007739095848348073	0.007664829067174186	0.011476870998774303	0.005713716173655771	0.006371571989549976	0.012039322913655805	0.010063949356008019	0.005495685180083387	0.005134502115274069	0.013570550315811857	0.006135605183969642	0.00493807027070238	0.006448337052541954	0.006360619097097505	0.006077820507211118	0.007244847735172286	0.0	0.014904504887826835	0.006361391549659456	0.005861992356362219	0.007474970605595398	0.0076796333405709655	0.012219383364886042	0.013897334469520625	0.006040717761315571	0.006578932229187485
WSH088	210	0.013676237060163595	0.015754657826748775	0.014429960356203211	0.014215219708542996	0.007281945720479146	0.013197392385390668	0.013104351002853586	0.005970891955756984	0.007277817720945987	0.014999046145675116	0.014473538108131926	0.0055027493337959045	0.0149916490038516	0.01647751575234393	0.014474964131032886	0.015154499620287074	0.012942168007676459	0.010403067396390415	0.014904504887826835	0.0	0.014968688943070001	0.015037128718108226	0.012913199574624973	0.012896668138185893	0.007849390719729236	0.006067485233718877	0.015188284259194733	0.015144704353464157
WSH109	213	0.008080118217038364	0.006018478969989669	0.005803579650090933	0.00604525257051354	0.008450991616394852	0.004671383946562276	0.004758108014204448	0.01131732378362681	0.009156634130908108	0.0020423050402986614	0.001882329870660084	0.011836232465436549	0.0037817640055405046	0.005454440205028846	0.0022793399884166845	0.00409643083738297	0.0053094298565235796	0.007147265127293712	0.006361391549659456	0.014968688943070001	0.0	0.000884605145056005	0.006846283301985081	0.00702614813975525	0.009158555799149797	0.011457656324749755	0.0020214789237427994	0.0022441740506115512
WSH094	216	0.007399073040470647	0.005350652478117175	0.006370433939330298	0.006612114207043548	0.008537234608291302	0.00517727087987648	0.005318958943611465	0.011344082899446203	0.00898871899340617	0.0014375942062053392	0.0012714504114772157	0.011904275408553665	0.0032206759568443057	0.004880182485893624	0.0027370369117467657	0.003531789528252379	0.005791112386219429	0.00740145369456657	0.005861992356362219	0.015037128718108226	0.000884605145056005	0.0	0.007483880781117782	0.007614676699644699	0.009415130883114672	0.011523951367100651	0.0020802854459339203	0.0026222160332923673
WSH121	217	0.011794592930038969	0.009891894605511124	0.0037982197767196272	0.00353100141361228	0.010826323230350666	0.0027831048729487313	0.0025580791517415963	0.011152324253051083	0.01061423452987809	0.0074519440998124485	0.007231676291076747	0.012439714190712655	0.008544796206831828	0.010040247678250099	0.006231099819862054	0.008808548635326735	0.0018678150533852143	0.0037979263003589535	0.007474970605595398	0.012913199574624973	0.006846283301985081	0.007483880781117782	0.0	0.0010367324284596192	0.01233537646485642	0.014214881453994473	0.006850569964475006	0.006813655651402227
WSH101	218	0.012146957517948889	0.010245801761661181	0.004312551937539142	0.0037345347093407795	0.010975134409017621	0.0030638632522856715	0.0027387277584308674	0.011551023062038146	0.011103403303145267	0.0077293753028171595	0.007353449159910629	0.01268196526713339	0.008717119545795501	0.010212571017213769	0.006496139078630183	0.00898087574357238	0.0021837957988128016	0.004444094265114664	0.0076796333405709655	0.012896668138185893	0.00702614813975525	0.007614676699644699	0.0010367324284596192	0.0	0.012710727771465605	0.01440702620257226	0.007194402016574153	0.007079072361457717
WSH114	219	0.010600823403544825	0.01240056690374562	0.010517528496117007	0.010759328826864636	0.0031228897395802085	0.010358862558428147	0.010352907467721773	0.00448500483607807	0.004179646083202296	0.009611344425147501	0.009113927907731597	0.004802508884714059	0.008556277730947543	0.010060526112217088	0.010117025079769464	0.008673179423565349	0.01084631843769017	0.010014272036759028	0.012219383364886042	0.007849390719729236	0.009158555799149797	0.009415130883114672	0.01233537646485642	0.012710727771465605	0.0	0.0036708766915373053	0.010310459874219781	0.010583055638903742
WSH096	220	0.012090303417528425	0.013954371440691034	0.013449550785750417	0.013732942660740472	0.004383697291154264	0.012135546242697644	0.012402992607675113	0.0051214523750917045	0.005437625498387603	0.011438769560987844	0.01089440592692038	0.004521902634959637	0.011527506306850637	0.0130361477497632	0.011590414911591638	0.011738806301942913	0.012600687480178095	0.011664534602134737	0.013897334469520625	0.006067485233718877	0.011457656324749755	0.011523951367100651	0.014214881453994473	0.01440702620257226	0.0036708766915373053	0.0	0.012213122379641747	0.012350549241477105
WSH113	221	0.007186282904022505	0.005080130886442487	0.006834629247551401	0.007076372728716834	0.009222130824143769	0.005324820819098698	0.005835113022967188	0.0113442717567905	0.008935731284291905	0.0021704203954189937	0.002184381254296309	0.011804579564690568	0.004888344591311969	0.006521448048836042	0.0018015198811683103	0.005169471508925846	0.0055303768127655	0.006820337619356968	0.006040717761315571	0.015188284259194733	0.0020214789237427994	0.0020802854459339203	0.006850569964475006	0.007194402016574153	0.010310459874219781	0.012213122379641747	0.0	0.0009500199047625225
WSH108	222	0.007378655508512995	0.00525525052362124	0.006865882708118949	0.00710754039921455	0.009428631001017086	0.005214482350478297	0.005724659313273163	0.011341020342024522	0.009023642887701959	0.0026838399327299735	0.002668845661633892	0.011745671960023837	0.0052503117818860235	0.006900833426213757	0.0017135314688465628	0.005531522556398391	0.005561387595335773	0.00660733087111945	0.006578932229187485	0.015144704353464157	0.0022441740506115512	0.0026222160332923673	0.006813655651402227	0.007079072361457717	0.010583055638903742	0.012350549241477105	0.0009500199047625225	0.0
