WSH117	185	0	0.061940116884017064	0.37472445536738147	0.3743485471027328	0.27559072019994146	0.3720258881781669	0.36436547241288686	0.3727497037770782	0.16584000468421595	0.17656177360934197	0.16826432178407763	0.3482040837016742	0.33153495132371374	0.32706378966052807	0.20139809722154556	0.334421324397301	0.36333056555597143	0.3685583207180703	0.25444586205881814	0.40523130501316884	0.2650352413265076	0.2756799496650972	0.4497028527358224	0.4501119675609896	0.4113208410549309	0.3826675762912521	0.21108375599711926	0.21043602908158787
WSH086	186	0.061940116884017064	0	0.3564093608128971	0.3469364922642457	0.2990776077876547	0.3599003310130732	0.34314295496379044	0.3972741336805793	0.19256750796067537	0.16876681615678876	0.14028462522801738	0.39275505099882957	0.33830103532492023	0.33166706401968427	0.1941149038707261	0.34279537383992276	0.3349640819159177	0.36357465768507274	0.22863251031290902	0.4019494491410733	0.2526773995293017	0.2628456318432143	0.42301561399169296	0.4234247288168603	0.4413359117470989	0.41039743690936104	0.185961821709709	0.17652587280863719
WSH127	189	0.37472445536738147	0.3564093608128971	0	0.04936771968691605	0.25737554183826594	0.14639327832814775	0.14443658842923052	0.27823153804679607	0.3302115693673636	0.28809443603267915	0.28073989050488657	0.2885038463708098	0.34902041061631506	0.3480382567379373	0.27580354982143346	0.3405662308318597	0.21979437679873712	0.24254824658839916	0.22793022595059237	0.27172440272410564	0.26293412321661863	0.2606321274431097	0.2683686999177535	0.27725891693599497	0.35387926251734536	0.3570209782828182	0.27918937915019654	0.30233574740723657
WSH102	190	0.3743485471027328	0.3469364922642457	0.04936771968691605	0	0.25281968859121445	0.13386728120079974	0.11472336660553278	0.2903720745380955	0.3220260509768194	0.2774884577644951	0.27255437211434225	0.3045106866736176	0.3565746157124034	0.3519939507100515	0.26633068127278203	0.34463248623391934	0.17827823337143897	0.2161386076369101	0.19788239941598518	0.2523297118083742	0.2574110861867791	0.2521572091562113	0.2541634742423435	0.23908185939946233	0.3565981761198729	0.35537351552306334	0.2722173544192653	0.2901150745534055
WSH128	191	0.27559072019994146	0.2990776077876547	0.25737554183826594	0.25281968859121445	0	0.33344737999262947	0.31044127600230204	0.2730234707700063	0.22496615984787222	0.20410606860250904	0.1993725483046944	0.18363149484235933	0.2924390399714179	0.2996912502851928	0.19510888691283235	0.2939457508235036	0.3617787056977346	0.378907760616294	0.3264667426719476	0.3193392973683431	0.1928163284534191	0.17491137219489578	0.4401101951738612	0.44051930999902844	0.22706184090510828	0.2065793527558607	0.23089037091303563	0.2395009699941495
WSH116	193	0.3720258881781669	0.3599003310130732	0.14639327832814775	0.13386728120079974	0.33344737999262947	0	0.06138314014814399	0.3110213242461139	0.33935527792445114	0.34366983809056906	0.3209741753331846	0.3515340845636107	0.4289815349636117	0.42744455822783994	0.31948334931176053	0.4223721792101619	0.1253882233947859	0.13382027283492232	0.16640305654639648	0.27099996228461154	0.3322582520074905	0.33180783980512674	0.1607715045361079	0.17685094665099768	0.440163579832344	0.4221425794434548	0.30363495541001306	0.3103180879500442
WSH085	194	0.36436547241288686	0.34314295496379044	0.14443658842923052	0.11472336660553278	0.31044127600230204	0.06138314014814399	0	0.3039267511341811	0.3144864846728421	0.3193089459740589	0.2904017133835712	0.3562249110427524	0.4243961110700797	0.4198548107335987	0.2949335853882467	0.4143306602888518	0.10671288654835687	0.14989753947743664	0.16938988095532365	0.25905036810604104	0.309149710824352	0.3108498700103797	0.1996301177576375	0.183317627851175	0.44010044971519685	0.41299045460780415	0.2941204497808271	0.292436126554889
WSH118	195	0.3727497037770782	0.3972741336805793	0.27823153804679607	0.2903720745380955	0.2730234707700063	0.3110213242461139	0.3039267511341811	0	0.2675718752065731	0.38345820656360924	0.3780923962152504	0.32206491735897974	0.37386892361939	0.37233705253370525	0.3655069420212374	0.36225530959397073	0.35394627668306883	0.3313487881588916	0.3152783563582498	0.27976480073395515	0.3838235958418737	0.37401126602303475	0.41113846299667983	0.4075619702068786	0.34429332649716643	0.34152060682635726	0.3891993870974688	0.39269332712900384
WSH087	196	0.16584000468421595	0.19256750796067537	0.3302115693673636	0.3220260509768194	0.22496615984787222	0.33935527792445114	0.3144864846728421	0.2675718752065731	0	0.24334612609665454	0.22695154323745684	0.3038319462537579	0.35788038209168016	0.35126370196996287	0.26857250474519506	0.3548400305052102	0.31816966753889175	0.318957289541484	0.2306773189610691	0.3090219390925638	0.2925128852648792	0.2958809615151946	0.4027570474047938	0.40788749249417633	0.39059737161865415	0.3413832132953596	0.2923248627235291	0.2936402808713484
WSH110	197	0.17656177360934197	0.16876681615678876	0.28809443603267915	0.2774884577644951	0.20410606860250904	0.34366983809056906	0.3193089459740589	0.38345820656360924	0.24334612609665454	0	0.05155304071444478	0.30753891722347876	0.24967126280059684	0.2596594590578095	0.11995961421762372	0.259236850787425	0.351694297501815	0.3891113830085709	0.25746606907562025	0.4324983744184564	0.10386430899430406	0.11611306990846633	0.4453159972868478	0.45041362757018977	0.3265149734013234	0.3130785768145538	0.127622892337434	0.12412374872697755
WSH104	198	0.16826432178407763	0.14028462522801738	0.28073989050488657	0.27255437211434225	0.1993725483046944	0.3209741753331846	0.2904017133835712	0.3780923962152504	0.22695154323745684	0.05155304071444478	0	0.310971970639841	0.2612763950702983	0.2717298768840369	0.12283675178577892	0.27267050047322233	0.33493831988847206	0.3722929330522548	0.23615731673031795	0.40910427824764484	0.12204771559970318	0.12503069132690006	0.43095795180421265	0.4313670666293798	0.33749120978364466	0.3209857085327863	0.11866555372049545	0.1166436403154024
WSH120	199	0.3482040837016742	0.39275505099882957	0.2885038463708098	0.3045106866736176	0.18363149484235933	0.3515340845636107	0.3562249110427524	0.32206491735897974	0.3038319462537579	0.30753891722347876	0.310971970639841	0	0.3698688032246988	0.3818974496165508	0.28582702597815685	0.3810537486598141	0.4083126662797091	0.4031636776639353	0.3825432684569087	0.29330602112807486	0.2929981609165524	0.29116436328986456	0.4429281676483118	0.4408459382239149	0.3165332565303062	0.2468883206605531	0.30885224943948697	0.3291642183967916
WSH112	201	0.33153495132371374	0.33830103532492023	0.34902041061631506	0.3565746157124034	0.2924390399714179	0.4289815349636117	0.4243961110700797	0.37386892361939	0.35788038209168016	0.24967126280059684	0.2612763950702983	0.3698688032246988	0	0.033784833025796886	0.29297248964010886	0.04188325943807727	0.47948195291843476	0.5045323061550191	0.3758344313197709	0.5325671727044659	0.2557019631211135	0.24489335433607215	0.5585768931439421	0.5589860079691095	0.1722110631894186	0.2441941665888272	0.30276146075191307	0.30668377515047135
WSH092	202	0.32706378966052807	0.33166706401968427	0.3480382567379373	0.3519939507100515	0.2996912502851928	0.42744455822783994	0.4198548107335987	0.37233705253370525	0.35126370196996287	0.2596594590578095	0.2717298768840369	0.3818974496165508	0.033784833025796886	0	0.29994967270254197	0.030868834191270775	0.4759190526687875	0.502200225305348	0.3752344052831813	0.5299008859357698	0.27018173639226273	0.26151834600421175	0.5548339574371511	0.5552430722623185	0.18614004376367618	0.25391786830930047	0.31405898608728805	0.3246219583365052
WSH115	203	0.20139809722154556	0.1941149038707261	0.27580354982143346	0.26633068127278203	0.19510888691283235	0.31948334931176053	0.2949335853882467	0.3655069420212374	0.26857250474519506	0.11995961421762372	0.12283675178577892	0.28582702597815685	0.29297248964010886	0.29994967270254197	0	0.2940976586862772	0.3376994149835713	0.3756189546096777	0.28201258832950704	0.4119071343417886	0.1389358865942444	0.13732537688411334	0.4303646043809582	0.4307737192061252	0.3444110487377343	0.31618201606893653	0.11915286164178202	0.12073752920709246
WSH107	204	0.334421324397301	0.34279537383992276	0.3405662308318597	0.34463248623391934	0.2939457508235036	0.4223721792101619	0.4143306602888518	0.36225530959397073	0.3548400305052102	0.259236850787425	0.27267050047322233	0.3810537486598141	0.04188325943807727	0.030868834191270775	0.2940976586862772	0	0.46977099436848957	0.4958517102263625	0.37700151928772696	0.521527604275907	0.2586333878462342	0.2500049726480125	0.5457712524032611	0.546197571210528	0.17636949544114344	0.2481163807881762	0.3119685168215845	0.32032193470785
WSH122	205	0.36333056555597143	0.3349640819159177	0.21979437679873712	0.17827823337143897	0.3617787056977346	0.1253882233947859	0.10671288654835687	0.35394627668306883	0.31816966753889175	0.351694297501815	0.33493831988847206	0.4083126662797091	0.47948195291843476	0.4759190526687875	0.3376994149835713	0.46977099436848957	0	0.08324054907757093	0.15095330597078221	0.2832778155529642	0.359300649862686	0.36466138135871223	0.1494649547134062	0.13266517620373025	0.4965465718066942	0.46698805154331696	0.3267652717171513	0.32904101979054085
WSH105	206	0.3685583207180703	0.36357465768507274	0.24254824658839916	0.2161386076369101	0.378907760616294	0.13382027283492232	0.14989753947743664	0.3313487881588916	0.318957289541484	0.3891113830085709	0.3722929330522548	0.4031636776639353	0.5045323061550191	0.502200225305348	0.3756189546096777	0.4958517102263625	0.08324054907757093	0	0.18797683587716366	0.27831200634432124	0.40111101989437103	0.3950261112240551	0.14770790679651843	0.14804887831828048	0.49756861330176	0.46164980649159687	0.3548493635332401	0.36070227482822226
WSH119	209	0.25444586205881814	0.22863251031290902	0.22793022595059237	0.19788239941598518	0.3264667426719476	0.16640305654639648	0.16938988095532365	0.3152783563582498	0.2306773189610691	0.25746606907562025	0.23615731673031795	0.3825432684569087	0.3758344313197709	0.3752344052831813	0.28201258832950704	0.37700151928772696	0.15095330597078221	0.18797683587716366	0	0.31170086980660017	0.3011143314684452	0.2982302201965849	0.25824369641319006	0.25897061664766174	0.4467334472950227	0.42578465636917984	0.2542303570907484	0.2616365362454425
WSH088	210	0.40523130501316884	0.4019494491410733	0.27172440272410564	0.2523297118083742	0.3193392973683431	0.27099996228461154	0.25905036810604104	0.27976480073395515	0.3090219390925638	0.4324983744184564	0.40910427824764484	0.29330602112807486	0.5325671727044659	0.5299008859357698	0.4119071343417886	0.521527604275907	0.2832778155529642	0.27831200634432124	0.31170086980660017	0	0.42615797095601254	0.4259436635350842	0.2987548314025202	0.2855997250544163	0.4459269611869989	0.38334349592077926	0.4180844203332135	0.4229110129210767
WSH109	213	0.2650352413265076	0.2526773995293017	0.26293412321661863	0.2574110861867791	0.1928163284534191	0.3322582520074905	0.309149710824352	0.3838235958418737	0.2925128852648792	0.10386430899430406	0.12204771559970318	0.2929981609165524	0.2557019631211135	0.27018173639226273	0.1389358865942444	0.2586333878462342	0.359300649862686	0.40111101989437103	0.3011143314684452	0.42615797095601254	0	0.04444504413818156	0.43803548690183863	0.4384446017270057	0.30911233858084025	0.3000187890979023	0.16557581776052477	0.16190327162611148
WSH094	216	0.2756799496650972	0.2628456318432143	0.2606321274431097	0.2521572091562113	0.17491137219489578	0.33180783980512674	0.3108498700103797	0.37401126602303475	0.2958809615151946	0.11611306990846633	0.12503069132690006	0.29116436328986456	0.24489335433607215	0.26151834600421175	0.13732537688411334	0.2500049726480125	0.36466138135871223	0.3950261112240551	0.2982302201965849	0.4259436635350842	0.04444504413818156	0	0.44356322895087513	0.44397234377604244	0.2991075225583967	0.2984840536083593	0.15356352039630922	0.15571671904286932
WSH121	217	0.4497028527358224	0.42301561399169296	0.2683686999177535	0.2541634742423435	0.4401101951738612	0.1607715045361079	0.1996301177576375	0.41113846299667983	0.4027570474047938	0.4453159972868478	0.43095795180421265	0.4429281676483118	0.5585768931439421	0.5548339574371511	0.4303646043809582	0.5457712524032611	0.1494649547134062	0.14770790679651843	0.25824369641319006	0.2987548314025202	0.43803548690183863	0.44356322895087513	0	0.06039716127668744	0.5467153422950475	0.5306701878217567	0.40386826080810445	0.41017761783653206
WSH101	218	0.4501119675609896	0.4234247288168603	0.27725891693599497	0.23908185939946233	0.44051930999902844	0.17685094665099768	0.183317627851175	0.4075619702068786	0.40788749249417633	0.45041362757018977	0.4313670666293798	0.4408459382239149	0.5589860079691095	0.5552430722623185	0.4307737192061252	0.546197571210528	0.13266517620373025	0.14804887831828048	0.25897061664766174	0.2855997250544163	0.4384446017270057	0.44397234377604244	0.06039716127668744	0	0.5546614573736999	0.5338935522813201	0.4089162188222574	0.41058673266169926
WSH114	219	0.4113208410549309	0.4413359117470989	0.35387926251734536	0.3565981761198729	0.22706184090510828	0.440163579832344	0.44010044971519685	0.34429332649716643	0.39059737161865415	0.3265149734013234	0.33749120978364466	0.3165332565303062	0.1722110631894186	0.18614004376367618	0.3444110487377343	0.17636949544114344	0.4965465718066942	0.49756861330176	0.4467334472950227	0.4459269611869989	0.30911233858084025	0.2991075225583967	0.5467153422950475	0.5546614573736999	0	0.15222708127894333	0.3460982080413565	0.3644493462182497
WSH096	220	0.3826675762912521	0.41039743690936104	0.3570209782828182	0.35537351552306334	0.2065793527558607	0.4221425794434548	0.41299045460780415	0.34152060682635726	0.3413832132953596	0.3130785768145538	0.3209857085327863	0.2468883206605531	0.2441941665888272	0.25391786830930047	0.31618201606893653	0.2481163807881762	0.46698805154331696	0.46164980649159687	0.42578465636917984	0.38334349592077926	0.3000187890979023	0.2984840536083593	0.5306701878217567	0.5338935522813201	0.15222708127894333	0	0.3456840640202634	0.3520095720487966
WSH113	221	0.21108375599711926	0.185961821709709	0.27918937915019654	0.2722173544192653	0.23089037091303563	0.30363495541001306	0.2941204497808271	0.3891993870974688	0.2923248627235291	0.127622892337434	0.11866555372049545	0.30885224943948697	0.30276146075191307	0.31405898608728805	0.11915286164178202	0.3119685168215845	0.3267652717171513	0.3548493635332401	0.2542303570907484	0.4180844203332135	0.16557581776052477	0.15356352039630922	0.40386826080810445	0.4089162188222574	0.3460982080413565	0.3456840640202634	0	0.04623576373071172
WSH108	222	0.21043602908158787	0.17652587280863719	0.30233574740723657	0.2901150745534055	0.2395009699941495	0.3103180879500442	0.292436126554889	0.39269332712900384	0.2936402808713484	0.12412374872697755	0.1166436403154024	0.3291642183967916	0.30668377515047135	0.3246219583365052	0.12073752920709246	0.32032193470785	0.32904101979054085	0.36070227482822226	0.2616365362454425	0.4229110129210767	0.16190327162611148	0.15571671904286932	0.41017761783653206	0.41058673266169926	0.3644493462182497	0.3520095720487966	0.04623576373071172	0
