84
15         0.0000000 0.0000010 0.0039514 0.0209772 0.0079989 0.0207190 0.0079989 0.0039553 0.0039514 0.0078014 0.0000010 0.0039514 0.0039553 0.0163724 0.0207190 0.0166983 0.0079482 0.0341010 0.0206619 0.0295616 0.0209772 0.0205692 0.0341361 0.0387580 0.0206828 0.0163026 0.0163724 0.0296779 0.0040075 0.0205900 0.0393632 0.0079781 0.0251991 0.0346570 0.0249374 0.0207190 0.0080296 0.0000010 0.0039514 0.0080994 0.0040062 0.0079860 0.0039514 0.0039514 0.0163026 0.0121617 0.0163724 0.0206619 0.0205900 0.0121126 0.0080994 0.0225473 0.0221823 0.0258362 0.0209714 0.0206828 0.0039514 0.0225162 0.0209714 0.0040047 0.0039615 0.0040062 0.0039615 0.0875441 0.0729097 0.0039108 0.0039811 0.0175461 0.0206828 0.0081022 0.0000010 0.0209772 0.0943708 0.0209772 0.0203331 0.0040047 0.0249627 0.0040138 0.0081126 0.0040543 0.0348053 0.0122679 0.0388335 0.0172651 
18         0.0000010 0.0000000 0.0039514 0.0122554 0.0079989 0.0121126 0.0079989 0.0039553 0.0039514 0.0079989 0.0000010 0.0039514 0.0039553 0.0079781 0.0121126 0.0122679 0.0079781 0.0249122 0.0120804 0.0205692 0.0122554 0.0205692 0.0249374 0.0293611 0.0120925 0.0163026 0.0079781 0.0249122 0.0040075 0.0205900 0.0297951 0.0079781 0.0205692 0.0252980 0.0249374 0.0121126 0.0039514 0.0000010 0.0039514 0.0080994 0.0040062 0.0079860 0.0039514 0.0039514 0.0163026 0.0039514 0.0079781 0.0120804 0.0205900 0.0121126 0.0080994 0.0131459 0.0129441 0.0167537 0.0122514 0.0120925 0.0039514 0.0131271 0.0122514 0.0040047 0.0039615 0.0040062 0.0039615 0.0875441 0.0729097 0.0040102 0.0039811 0.0085336 0.0120925 0.0081022 0.0000010 0.0122554 0.0943708 0.0122554 0.0208747 0.0040047 0.0249627 0.0040138 0.0081126 0.0041609 0.0254011 0.0122679 0.0294150 0.0172651 
568        0.0039514 0.0039514 0.0000000 0.0080830 0.0039576 0.0079909 0.0039576 0.0079860 0.0000010 0.0121126 0.0039514 0.0000010 0.0079860 0.0039475 0.0079909 0.0080912 0.0039475 0.0205484 0.0079701 0.0162862 0.0080830 0.0162862 0.0293611 0.0249122 0.0079781 0.0121004 0.0039475 0.0205484 0.0080940 0.0249374 0.0252721 0.0039475 0.0162862 0.0208598 0.0205692 0.0079909 0.0000010 0.0039514 0.0000010 0.0040062 0.0080912 0.0039514 0.0000010 0.0079781 0.0205692 0.0079781 0.0039475 0.0079701 0.0249374 0.0163026 0.0122679 0.0086634 0.0085336 0.0124272 0.0080801 0.0079781 0.0079781 0.0086508 0.0080801 0.0080883 0.0079989 0.0080912 0.0079989 0.0940205 0.0789587 0.0080994 0.0080385 0.0042192 0.0079781 0.0122725 0.0039662 0.0080830 0.1009763 0.0080830 0.0252900 0.0080883 0.0293909 0.0000010 0.0122886 0.0084054 0.0209429 0.0165160 0.0249569 0.0218140 
1143       0.0209772 0.0122554 0.0080830 0.0000000 0.0122760 0.0079585 0.0121700 0.0165160 0.0080138 0.0300336 0.0122554 0.0080138 0.0165160 0.0039307 0.0079585 0.0080969 0.0079757 0.0204775 0.0079377 0.0162261 0.0080493 0.0250498 0.0292723 0.0248315 0.0079457 0.0206774 0.0039307 0.0205770 0.0167537 0.0341011 0.0159986 0.0121375 0.0163050 0.0118883 0.0295314 0.0079585 0.0162147 0.0121497 0.0080138 0.0123269 0.0167465 0.0121497 0.0080138 0.0164992 0.0297951 0.0079457 0.0039641 0.0079377 0.0344075 0.0252980 0.0211650 0.0086255 0.0084971 0.0123787 0.0080465 0.0079457 0.0164992 0.0086128 0.0080465 0.0167424 0.0165447 0.0167465 0.0165447 0.1030630 0.0870501 0.0258506 0.0166277 0.0042003 0.0079457 0.0211746 0.0164357 0.0080493 0.1103692 0.0080493 0.0449006 0.0167424 0.0391090 0.0081421 0.0212024 0.0268743 0.0208696 0.0256492 0.0248759 0.0317249 
1144       0.0079989 0.0079989 0.0039576 0.0122760 0.0000000 0.0121327 0.0080119 0.0121248 0.0039576 0.0163470 0.0079989 0.0039576 0.0121248 0.0079909 0.0121327 0.0122886 0.0079909 0.0249569 0.0121004 0.0206053 0.0122760 0.0206053 0.0339587 0.0294150 0.0121126 0.0163305 0.0079909 0.0249569 0.0122933 0.0294450 0.0298508 0.0079909 0.0206053 0.0253443 0.0249822 0.0121327 0.0039576 0.0079989 0.0039576 0.0081126 0.0122886 0.0079989 0.0039576 0.0121126 0.0249822 0.0121126 0.0079909 0.0121004 0.0294450 0.0206261 0.0165616 0.0131698 0.0129673 0.0167836 0.0122720 0.0121126 0.0121126 0.0131509 0.0122720 0.0122845 0.0121450 0.0122886 0.0121450 0.1009763 0.0854210 0.0123011 0.0122051 0.0085484 0.0121126 0.0165685 0.0080292 0.0122760 0.1080824 0.0122760 0.0298719 0.0122845 0.0339933 0.0040194 0.0165904 0.0127699 0.0254477 0.0209026 0.0294692 0.0265366 
1145       0.0207190 0.0121126 0.0079909 0.0079585 0.0121327 0.0000000 0.0120292 0.0163191 0.0079233 0.0296465 0.0121126 0.0079233 0.0163191 0.0038869 0.0078694 0.0080046 0.0078861 0.0202324 0.0078492 0.0160366 0.0079585 0.0247402 0.0289059 0.0245275 0.0078569 0.0204273 0.0038869 0.0203294 0.0165515 0.0336603 0.0248759 0.0119974 0.0161131 0.0205336 0.0291581 0.0078694 0.0160256 0.0120094 0.0079233 0.0121823 0.0165447 0.0120094 0.0079233 0.0163026 0.0294150 0.0078569 0.0039203 0.0078492 0.0339587 0.0249822 0.0209026 0.0085208 0.0083953 0.0122328 0.0079558 0.0078569 0.0163026 0.0085086 0.0079558 0.0165397 0.0163470 0.0165447 0.0163470 0.1076845 0.0916994 0.0255198 0.0164280 0.0041512 0.0078569 0.0209120 0.0208000 0.0079585 0.1149119 0.0079585 0.0442713 0.0165397 0.0385876 0.0080487 0.0209399 0.0265163 0.0206145 0.0253241 0.0245708 0.0312897 
1146       0.0079989 0.0079989 0.0039576 0.0121700 0.0080119 0.0120292 0.0000000 0.0121248 0.0039243 0.0079726 0.0079989 0.0039243 0.0121248 0.0079233 0.0120292 0.0121823 0.0079233 0.0247402 0.0119974 0.0204273 0.0121700 0.0204273 0.0336603 0.0291581 0.0120094 0.0161903 0.0079233 0.0247402 0.0122933 0.0291875 0.0295861 0.0079233 0.0204273 0.0251208 0.0247651 0.0120292 0.0039243 0.0079312 0.0039243 0.0080430 0.0122886 0.0079312 0.0039243 0.0121126 0.0249822 0.0120094 0.0079909 0.0119974 0.0294450 0.0206261 0.0165616 0.0130479 0.0128491 0.0166358 0.0121661 0.0120094 0.0121126 0.0130294 0.0121661 0.0122845 0.0121450 0.0122886 0.0121450 0.1009763 0.0854210 0.0123011 0.0122051 0.0084711 0.0120094 0.0165685 0.0080292 0.0121700 0.1080824 0.0121700 0.0298719 0.0122845 0.0339933 0.0039859 0.0165904 0.0127699 0.0252224 0.0209026 0.0292113 0.0265366 
1156       0.0039553 0.0039553 0.0079860 0.0165160 0.0121248 0.0163191 0.0121248 0.0000000 0.0079860 0.0121248 0.0039553 0.0079860 0.0079940 0.0120925 0.0163191 0.0165329 0.0120925 0.0293611 0.0162748 0.0249374 0.0165160 0.0249374 0.0293909 0.0338950 0.0162912 0.0205900 0.0120925 0.0293611 0.0081022 0.0249627 0.0344075 0.0120925 0.0249374 0.0298258 0.0293909 0.0163191 0.0079860 0.0039553 0.0079860 0.0122804 0.0080994 0.0121046 0.0079860 0.0079860 0.0205900 0.0079860 0.0120925 0.0162748 0.0249627 0.0163191 0.0040102 0.0177301 0.0174514 0.0211746 0.0165111 0.0162912 0.0079860 0.0177052 0.0165111 0.0080965 0.0080070 0.0080994 0.0080070 0.0811767 0.0669674 0.0081076 0.0080466 0.0129441 0.0162912 0.0040115 0.0039702 0.0165160 0.0878708 0.0165160 0.0253160 0.0080965 0.0206108 0.0081134 0.0123011 0.0084143 0.0299499 0.0165329 0.0339587 0.0218374 
1158       0.0039514 0.0039514 0.0000010 0.0080138 0.0039576 0.0079233 0.0039243 0.0079860 0.0000000 0.0121126 0.0039514 0.0000010 0.0079860 0.0039144 0.0079233 0.0080219 0.0039144 0.0203715 0.0079029 0.0161468 0.0080138 0.0161468 0.0291050 0.0246962 0.0079107 0.0119974 0.0039144 0.0203715 0.0080940 0.0247211 0.0250498 0.0039144 0.0161468 0.0206774 0.0203919 0.0079233 0.0000010 0.0039182 0.0000010 0.0039721 0.0080912 0.0039182 0.0000010 0.0079781 0.0205692 0.0079107 0.0039475 0.0079029 0.0249374 0.0163026 0.0122679 0.0085840 0.0084566 0.0123190 0.0080110 0.0079107 0.0079781 0.0085717 0.0080110 0.0080883 0.0079989 0.0080912 0.0079989 0.0940205 0.0789587 0.0080994 0.0080385 0.0041814 0.0079107 0.0122725 0.0039662 0.0080138 0.1009763 0.0080138 0.0252900 0.0080883 0.0293909 0.0000010 0.0122886 0.0084054 0.0207590 0.0165160 0.0247402 0.0218140 
815        0.0078014 0.0079989 0.0121126 0.0300336 0.0163470 0.0296465 0.0079726 0.0121248 0.0121126 0.0000000 0.0079989 0.0121126 0.0121248 0.0251008 0.0296465 0.0256213 0.0162407 0.0435452 0.0295616 0.0388335 0.0300336 0.0294150 0.0435899 0.0483837 0.0295918 0.0249822 0.0251008 0.0389888 0.0122933 0.0294450 0.0491726 0.0163026 0.0343366 0.0442863 0.0339587 0.0296465 0.0164167 0.0079989 0.0121126 0.0165616 0.0122886 0.0163191 0.0121126 0.0121126 0.0249822 0.0207190 0.0251008 0.0295616 0.0294450 0.0206261 0.0165616 0.0323359 0.0317864 0.0352528 0.0300270 0.0295918 0.0121126 0.0322930 0.0300270 0.0122845 0.0121450 0.0122886 0.0121450 0.1009763 0.0854210 0.0119889 0.0122051 0.0269426 0.0295918 0.0165685 0.0078301 0.0300336 0.1080824 0.0300336 0.0290768 0.0122845 0.0339933 0.0123077 0.0165904 0.0124338 0.0444832 0.0209026 0.0484807 0.0265366 
316        0.0000010 0.0000010 0.0039514 0.0122554 0.0079989 0.0121126 0.0079989 0.0039553 0.0039514 0.0079989 0.0000000 0.0039514 0.0039553 0.0079781 0.0121126 0.0122679 0.0079781 0.0249122 0.0120804 0.0205692 0.0122554 0.0205692 0.0249374 0.0293611 0.0120925 0.0163026 0.0079781 0.0249122 0.0040075 0.0205900 0.0297951 0.0079781 0.0205692 0.0252980 0.0249374 0.0121126 0.0039514 0.0000010 0.0039514 0.0080994 0.0040062 0.0079860 0.0039514 0.0039514 0.0163026 0.0039514 0.0079781 0.0120804 0.0205900 0.0121126 0.0080994 0.0131459 0.0129441 0.0167537 0.0122514 0.0120925 0.0039514 0.0131271 0.0122514 0.0040047 0.0039615 0.0040062 0.0039615 0.0875441 0.0729097 0.0040102 0.0039811 0.0085336 0.0120925 0.0081022 0.0000010 0.0122554 0.0943708 0.0122554 0.0208747 0.0040047 0.0249627 0.0040138 0.0081126 0.0041609 0.0254011 0.0122679 0.0294150 0.0172651 
833        0.0039514 0.0039514 0.0000010 0.0080138 0.0039576 0.0079233 0.0039243 0.0079860 0.0000010 0.0121126 0.0039514 0.0000000 0.0079860 0.0039144 0.0079233 0.0080219 0.0039144 0.0203715 0.0079029 0.0161468 0.0080138 0.0161468 0.0291050 0.0246962 0.0079107 0.0119974 0.0039144 0.0203715 0.0080940 0.0247211 0.0250498 0.0039144 0.0161468 0.0206774 0.0203919 0.0079233 0.0000010 0.0039182 0.0000010 0.0039721 0.0080912 0.0039182 0.0000010 0.0079781 0.0205692 0.0079107 0.0039475 0.0079029 0.0249374 0.0163026 0.0122679 0.0085840 0.0084566 0.0123190 0.0080110 0.0079107 0.0079781 0.0085717 0.0080110 0.0080883 0.0079989 0.0080912 0.0079989 0.0940205 0.0789587 0.0080994 0.0080385 0.0041814 0.0079107 0.0122725 0.0039662 0.0080138 0.1009763 0.0080138 0.0252900 0.0080883 0.0293909 0.0000010 0.0122886 0.0084054 0.0207590 0.0165160 0.0247402 0.0218140 
841        0.0039553 0.0039553 0.0079860 0.0165160 0.0121248 0.0163191 0.0121248 0.0079940 0.0079860 0.0121248 0.0039553 0.0079860 0.0000000 0.0120925 0.0163191 0.0165329 0.0120925 0.0293611 0.0162748 0.0249374 0.0165160 0.0249374 0.0293909 0.0338950 0.0079860 0.0205900 0.0120925 0.0293611 0.0081022 0.0249627 0.0344075 0.0120925 0.0249374 0.0298258 0.0293909 0.0163191 0.0079860 0.0039553 0.0079860 0.0122804 0.0080994 0.0121046 0.0079860 0.0079860 0.0205900 0.0079860 0.0120925 0.0162748 0.0249627 0.0163191 0.0122804 0.0177301 0.0174514 0.0211746 0.0165111 0.0162912 0.0079860 0.0177052 0.0165111 0.0080965 0.0080070 0.0080994 0.0080070 0.0941323 0.0790509 0.0081076 0.0080466 0.0129441 0.0079860 0.0122850 0.0039702 0.0165160 0.1010961 0.0165160 0.0253160 0.0080965 0.0294207 0.0081134 0.0123011 0.0084143 0.0299499 0.0165329 0.0339587 0.0218374 
848        0.0163724 0.0079781 0.0039475 0.0039307 0.0079909 0.0038869 0.0079233 0.0120925 0.0039144 0.0251008 0.0079781 0.0039144 0.0120925 0.0000000 0.0038869 0.0039524 0.0038961 0.0159939 0.0038781 0.0118845 0.0039307 0.0203715 0.0244843 0.0201977 0.0038819 0.0161468 0.0000010 0.0160700 0.0122600 0.0291050 0.0204775 0.0079029 0.0119407 0.0162261 0.0246962 0.0038869 0.0118769 0.0079107 0.0039144 0.0080219 0.0122554 0.0079107 0.0039144 0.0120804 0.0249122 0.0038819 0.0000010 0.0038781 0.0293611 0.0205692 0.0165160 0.0042047 0.0041444 0.0080520 0.0039293 0.0038819 0.0120804 0.0041986 0.0039293 0.0122514 0.0121126 0.0122554 0.0121126 0.1006029 0.0851122 0.0209988 0.0121724 0.0000010 0.0038819 0.0165229 0.0164357 0.0039307 0.1076845 0.0039307 0.0393500 0.0122514 0.0338950 0.0039756 0.0165447 0.0218114 0.0162887 0.0208441 0.0202324 0.0264570 
850        0.0207190 0.0121126 0.0079909 0.0079585 0.0121327 0.0078694 0.0120292 0.0163191 0.0079233 0.0296465 0.0121126 0.0079233 0.0163191 0.0038869 0.0000000 0.0080046 0.0078861 0.0202324 0.0078492 0.0160366 0.0079585 0.0247402 0.0289059 0.0245275 0.0078569 0.0204273 0.0038869 0.0203294 0.0165515 0.0336603 0.0248759 0.0119974 0.0161131 0.0205336 0.0291581 0.0000010 0.0160256 0.0120094 0.0079233 0.0121823 0.0165447 0.0120094 0.0079233 0.0163026 0.0294150 0.0078569 0.0039203 0.0078492 0.0339587 0.0249822 0.0209026 0.0085208 0.0083953 0.0122328 0.0079558 0.0078569 0.0163026 0.0085086 0.0079558 0.0165397 0.0163470 0.0165447 0.0163470 0.1076845 0.0916994 0.0255198 0.0164280 0.0041512 0.0078569 0.0209120 0.0208000 0.0079585 0.1149119 0.0079585 0.0442713 0.0165397 0.0385876 0.0080487 0.0209399 0.0265163 0.0120581 0.0253241 0.0159829 0.0312897 
853        0.0166983 0.0122679 0.0080912 0.0080969 0.0122886 0.0080046 0.0121823 0.0165329 0.0080219 0.0256213 0.0122679 0.0080219 0.0165329 0.0039524 0.0080046 0.0000000 0.0039681 0.0205978 0.0079837 0.0163215 0.0080969 0.0250753 0.0294462 0.0249782 0.0079917 0.0206984 0.0039524 0.0205978 0.0167713 0.0341360 0.0253398 0.0121497 0.0163215 0.0209108 0.0295616 0.0080046 0.0121037 0.0121620 0.0080219 0.0123395 0.0167641 0.0121620 0.0080219 0.0165160 0.0298258 0.0079917 0.0039869 0.0079837 0.0344430 0.0253241 0.0211870 0.0086798 0.0085495 0.0124526 0.0080941 0.0079917 0.0165160 0.0086672 0.0080941 0.0167590 0.0165616 0.0167641 0.0165616 0.1100872 0.0935968 0.0214330 0.0166448 0.0042260 0.0079917 0.0211957 0.0167641 0.0080969 0.1175302 0.0080969 0.0402249 0.0167590 0.0391495 0.0081504 0.0212248 0.0222813 0.0209946 0.0256760 0.0250232 0.0317598 
854        0.0079482 0.0079781 0.0039475 0.0079757 0.0079909 0.0078861 0.0079233 0.0120925 0.0039144 0.0162407 0.0079781 0.0039144 0.0120925 0.0038961 0.0078861 0.0039681 0.0000000 0.0202741 0.0078658 0.0160700 0.0079757 0.0203715 0.0289645 0.0245776 0.0078736 0.0161468 0.0038961 0.0161306 0.0122600 0.0291050 0.0249275 0.0079029 0.0119855 0.0205770 0.0246962 0.0078861 0.0039000 0.0079107 0.0039144 0.0080219 0.0122554 0.0079107 0.0039144 0.0120804 0.0249122 0.0078736 0.0039289 0.0078658 0.0293611 0.0205692 0.0165160 0.0085404 0.0084142 0.0122590 0.0079729 0.0078736 0.0120804 0.0085281 0.0079729 0.0122514 0.0121126 0.0122554 0.0121126 0.1006029 0.0851122 0.0122203 0.0121724 0.0041606 0.0078736 0.0165229 0.0079781 0.0079757 0.1076845 0.0079757 0.0296684 0.0122514 0.0338950 0.0039756 0.0165447 0.0126835 0.0206578 0.0208441 0.0246211 0.0264570 
1370       0.0341010 0.0249122 0.0205484 0.0204775 0.0249569 0.0202324 0.0247402 0.0293611 0.0203715 0.0435452 0.0249122 0.0203715 0.0293611 0.0159939 0.0202324 0.0205978 0.0202741 0.0000000 0.0118728 0.0038679 0.0204775 0.0039002 0.0078161 0.0038679 0.0201977 0.0078819 0.0159939 0.0000010 0.0298104 0.0119457 0.0039162 0.0161306 0.0038859 0.0079162 0.0078819 0.0202324 0.0288251 0.0246962 0.0203715 0.0250753 0.0297951 0.0246962 0.0203715 0.0205484 0.0079487 0.0201977 0.0161307 0.0118728 0.0120478 0.0120478 0.0344075 0.0173976 0.0171294 0.0252014 0.0204720 0.0201977 0.0293313 0.0173735 0.0204720 0.0297886 0.0294150 0.0297951 0.0294150 0.1284004 0.1111232 0.0394042 0.0295610 0.0127064 0.0201977 0.0344263 0.0342361 0.0204775 0.1359719 0.0204775 0.0591680 0.0297886 0.0162308 0.0207017 0.0344733 0.0409636 0.0339355 0.0390687 0.0038738 0.0461178 
1371       0.0206619 0.0120804 0.0079701 0.0079377 0.0121004 0.0078492 0.0119974 0.0162748 0.0079029 0.0295616 0.0120804 0.0079029 0.0162748 0.0038781 0.0078492 0.0079837 0.0078658 0.0118728 0.0000000 0.0078415 0.0079377 0.0161306 0.0201977 0.0159939 0.0078368 0.0119855 0.0038781 0.0119289 0.0165060 0.0246962 0.0162096 0.0039105 0.0078783 0.0120414 0.0203715 0.0078492 0.0159830 0.0119777 0.0079029 0.0121497 0.0164992 0.0119777 0.0079029 0.0162585 0.0205484 0.0078368 0.0039102 0.0078291 0.0249122 0.0162862 0.0208441 0.0042047 0.0041444 0.0121990 0.0079349 0.0078368 0.0162585 0.0041986 0.0079349 0.0164942 0.0163026 0.0164992 0.0163026 0.1072889 0.0913681 0.0254465 0.0163832 0.0000010 0.0078368 0.0208534 0.0207421 0.0079377 0.1144928 0.0079377 0.0441367 0.0164942 0.0293611 0.0080276 0.0208812 0.0264368 0.0205573 0.0252520 0.0160207 0.0311943 
1372       0.0295616 0.0205692 0.0162862 0.0162261 0.0206053 0.0160366 0.0204273 0.0249374 0.0161468 0.0388335 0.0205692 0.0161468 0.0249374 0.0118845 0.0160366 0.0163215 0.0160700 0.0038679 0.0078415 0.0000000 0.0162261 0.0078819 0.0118454 0.0078161 0.0160098 0.0039040 0.0118845 0.0038859 0.0253102 0.0160923 0.0079162 0.0119855 0.0000010 0.0039202 0.0119457 0.0160366 0.0244843 0.0203919 0.0161468 0.0206984 0.0252980 0.0203919 0.0161468 0.0162862 0.0120478 0.0160098 0.0119855 0.0159939 0.0162308 0.0079567 0.0298258 0.0129145 0.0127198 0.0207962 0.0162213 0.0160098 0.0249122 0.0128963 0.0162213 0.0252918 0.0249822 0.0252980 0.0249822 0.1213987 0.1045527 0.0346931 0.0251061 0.0083865 0.0160098 0.0298411 0.0296779 0.0162261 0.1288585 0.0162261 0.0541212 0.0252918 0.0204981 0.0164065 0.0298816 0.0360606 0.0294152 0.0344075 0.0078285 0.0410807 
1373       0.0209772 0.0122554 0.0080830 0.0080493 0.0122760 0.0079585 0.0121700 0.0165160 0.0080138 0.0300336 0.0122554 0.0080138 0.0165160 0.0039307 0.0079585 0.0080969 0.0079757 0.0204775 0.0079377 0.0162261 0.0000000 0.0250498 0.0292723 0.0248315 0.0079457 0.0206774 0.0039307 0.0205770 0.0167537 0.0341011 0.0251893 0.0121375 0.0163050 0.0207870 0.0295314 0.0079585 0.0162147 0.0121497 0.0080138 0.0123269 0.0167465 0.0121497 0.0080138 0.0164992 0.0297951 0.0079457 0.0039641 0.0079377 0.0344075 0.0252980 0.0211650 0.0086255 0.0084971 0.0123787 0.0080465 0.0079457 0.0164992 0.0086128 0.0080465 0.0167424 0.0165447 0.0167465 0.0165447 0.1099549 0.0934861 0.0258506 0.0166277 0.0042003 0.0079457 0.0211746 0.0210593 0.0080493 0.1173897 0.0080493 0.0449006 0.0167424 0.0391090 0.0081421 0.0212024 0.0268743 0.0208696 0.0256492 0.0248759 0.0317249 
1374       0.0205692 0.0205692 0.0162862 0.0250498 0.0206053 0.0247402 0.0204273 0.0249374 0.0161468 0.0294150 0.0205692 0.0161468 0.0249374 0.0203715 0.0247402 0.0250753 0.0203715 0.0039002 0.0161306 0.0078819 0.0250498 0.0000000 0.0119457 0.0078819 0.0246962 0.0039040 0.0203715 0.0039002 0.0253102 0.0078896 0.0079842 0.0119855 0.0078819 0.0121046 0.0039040 0.0247402 0.0161468 0.0203919 0.0161468 0.0206984 0.0252980 0.0203919 0.0161468 0.0162862 0.0039369 0.0246962 0.0205484 0.0161306 0.0079567 0.0079567 0.0298258 0.0222001 0.0218461 0.0299868 0.0250437 0.0246962 0.0249122 0.0221697 0.0250437 0.0252918 0.0249822 0.0252980 0.0249822 0.1213987 0.1045527 0.0253241 0.0251061 0.0172859 0.0246962 0.0298411 0.0206483 0.0250498 0.1288585 0.0250498 0.0438810 0.0252918 0.0120599 0.0164065 0.0298816 0.0263039 0.0389201 0.0344075 0.0078944 0.0410807 
1375       0.0341361 0.0249374 0.0293611 0.0292723 0.0339587 0.0289059 0.0336603 0.0293909 0.0291050 0.0435899 0.0249374 0.0291050 0.0293909 0.0244843 0.0289059 0.0294462 0.0289645 0.0078161 0.0201977 0.0118454 0.0292723 0.0119457 0.0000000 0.0038717 0.0288538 0.0160923 0.0244843 0.0078527 0.0298411 0.0039079 0.0120006 0.0246962 0.0119012 0.0161716 0.0078896 0.0289059 0.0378034 0.0247211 0.0291050 0.0295616 0.0298258 0.0335977 0.0291050 0.0205692 0.0079567 0.0202178 0.0246965 0.0201977 0.0039409 0.0120599 0.0344430 0.0266904 0.0262595 0.0343284 0.0292660 0.0288538 0.0293611 0.0266549 0.0292660 0.0298193 0.0294450 0.0298258 0.0294450 0.1285486 0.1112501 0.0394453 0.0295912 0.0216470 0.0288538 0.0344619 0.0342713 0.0292723 0.1361277 0.0292723 0.0592297 0.0298193 0.0079646 0.0295848 0.0345089 0.0410080 0.0432982 0.0391090 0.0118646 0.0461680 
1376       0.0387580 0.0293611 0.0249122 0.0248315 0.0294150 0.0245275 0.0291581 0.0338950 0.0246962 0.0483837 0.0293611 0.0246962 0.0338950 0.0201977 0.0245275 0.0249782 0.0245776 0.0038679 0.0159939 0.0078161 0.0248315 0.0078819 0.0038717 0.0000000 0.0244843 0.0119457 0.0201977 0.0038859 0.0344263 0.0078896 0.0079162 0.0203715 0.0078527 0.0120006 0.0039040 0.0245275 0.0332730 0.0291050 0.0246962 0.0250753 0.0344075 0.0291050 0.0246962 0.0249122 0.0120478 0.0244843 0.0203716 0.0159939 0.0079567 0.0162308 0.0391090 0.0219940 0.0216470 0.0297194 0.0248254 0.0244843 0.0338606 0.0219642 0.0248254 0.0344010 0.0339587 0.0344075 0.0339587 0.1356515 0.1179207 0.0442437 0.0341274 0.0171294 0.0244843 0.0391318 0.0389133 0.0248315 0.1433397 0.0248315 0.0643602 0.0344010 0.0120599 0.0251000 0.0391854 0.0460035 0.0385730 0.0438540 0.0078285 0.0513042 
1377       0.0206828 0.0120925 0.0079781 0.0079457 0.0121126 0.0078569 0.0120094 0.0162912 0.0079107 0.0295918 0.0120925 0.0079107 0.0079860 0.0038819 0.0078569 0.0079917 0.0078736 0.0201977 0.0078368 0.0160098 0.0079457 0.0246962 0.0288538 0.0244843 0.0000000 0.0203919 0.0038819 0.0202944 0.0165229 0.0335977 0.0248315 0.0119777 0.0160860 0.0204973 0.0291050 0.0078569 0.0159988 0.0119896 0.0079107 0.0121620 0.0165160 0.0119896 0.0079107 0.0162748 0.0293611 0.0078445 0.0039141 0.0078368 0.0338950 0.0249374 0.0208654 0.0085062 0.0083811 0.0122122 0.0079429 0.0078445 0.0162748 0.0084940 0.0079429 0.0165111 0.0163191 0.0165160 0.0163191 0.1074151 0.0914740 0.0254728 0.0163998 0.0041444 0.0000010 0.0208747 0.0207632 0.0079457 0.1146269 0.0079457 0.0441827 0.0165111 0.0385137 0.0080357 0.0209026 0.0264650 0.0205782 0.0252779 0.0245275 0.0312280 
1378       0.0163026 0.0163026 0.0121004 0.0206774 0.0163305 0.0204273 0.0161903 0.0205900 0.0119974 0.0249822 0.0163026 0.0119974 0.0205900 0.0161468 0.0204273 0.0206984 0.0161468 0.0078819 0.0119855 0.0039040 0.0206774 0.0039040 0.0160923 0.0119457 0.0203919 0.0000000 0.0161468 0.0078819 0.0208905 0.0119576 0.0121046 0.0079155 0.0039040 0.0079922 0.0078896 0.0204273 0.0119974 0.0161629 0.0119974 0.0164008 0.0208812 0.0161629 0.0119974 0.0121004 0.0079567 0.0203919 0.0162862 0.0203715 0.0120599 0.0039409 0.0253241 0.0175785 0.0173044 0.0254529 0.0206718 0.0203919 0.0205692 0.0175539 0.0206718 0.0208755 0.0206261 0.0208812 0.0206261 0.1144928 0.0980773 0.0209026 0.0207284 0.0128354 0.0203919 0.0253362 0.0163650 0.0206774 0.1218380 0.0206774 0.0391318 0.0208755 0.0162471 0.0121889 0.0253704 0.0217075 0.0342743 0.0298258 0.0119653 0.0361379 
1379       0.0163724 0.0079781 0.0039475 0.0039307 0.0079909 0.0038869 0.0079233 0.0120925 0.0039144 0.0251008 0.0079781 0.0039144 0.0120925 0.0000010 0.0038869 0.0039524 0.0038961 0.0159939 0.0038781 0.0118845 0.0039307 0.0203715 0.0244843 0.0201977 0.0038819 0.0161468 0.0000000 0.0160700 0.0122600 0.0291050 0.0204775 0.0079029 0.0119407 0.0162261 0.0246962 0.0038869 0.0118769 0.0079107 0.0038549 0.0080219 0.0122554 0.0079107 0.0039144 0.0120804 0.0249122 0.0038819 0.0000010 0.0038781 0.0293611 0.0205692 0.0165160 0.0042047 0.0041444 0.0080520 0.0039293 0.0038819 0.0120804 0.0041986 0.0039293 0.0122514 0.0121126 0.0122554 0.0121126 0.1006029 0.0851122 0.0209988 0.0121724 0.0000010 0.0038819 0.0165229 0.0164357 0.0039307 0.1076845 0.0039307 0.0393500 0.0122514 0.0338950 0.0039756 0.0165447 0.0218114 0.0162887 0.0208441 0.0202324 0.0264570 
1380       0.0296779 0.0249122 0.0205484 0.0205770 0.0249569 0.0203294 0.0247402 0.0293611 0.0203715 0.0389888 0.0249122 0.0203715 0.0293611 0.0160700 0.0203294 0.0205978 0.0161306 0.0000010 0.0119289 0.0038859 0.0205770 0.0039002 0.0078527 0.0038859 0.0202944 0.0078819 0.0160700 0.0000000 0.0298104 0.0119457 0.0039349 0.0161306 0.0038859 0.0079543 0.0078819 0.0203294 0.0245776 0.0246962 0.0203715 0.0250753 0.0297951 0.0246962 0.0203715 0.0205484 0.0079487 0.0202944 0.0162081 0.0119289 0.0120478 0.0120478 0.0344075 0.0174876 0.0172165 0.0253257 0.0205714 0.0202944 0.0293313 0.0174633 0.0205714 0.0297886 0.0294150 0.0297951 0.0294150 0.1284004 0.1111232 0.0348328 0.0295610 0.0127706 0.0202944 0.0344263 0.0297951 0.0205770 0.1359719 0.0205770 0.0543452 0.0297886 0.0162308 0.0207017 0.0344733 0.0362113 0.0341041 0.0390687 0.0038919 0.0461178 
1381       0.0040075 0.0040075 0.0080940 0.0167537 0.0122933 0.0165515 0.0122933 0.0081022 0.0080940 0.0122933 0.0040075 0.0080940 0.0081022 0.0122600 0.0165515 0.0167713 0.0122600 0.0298104 0.0165060 0.0253102 0.0167537 0.0253102 0.0298411 0.0344263 0.0165229 0.0208905 0.0122600 0.0298104 0.0000000 0.0253362 0.0349567 0.0122600 0.0253102 0.0302907 0.0298411 0.0165515 0.0080940 0.0040075 0.0080940 0.0124532 0.0082103 0.0122725 0.0080940 0.0080940 0.0208905 0.0080940 0.0122600 0.0165060 0.0253362 0.0165515 0.0124532 0.0180065 0.0177187 0.0214938 0.0167485 0.0165229 0.0080940 0.0179808 0.0167485 0.0082074 0.0081155 0.0082103 0.0081155 0.0892862 0.0808040 0.0082189 0.0081552 0.0131371 0.0165229 0.0124581 0.0040227 0.0167537 0.0963025 0.0167537 0.0257011 0.0082074 0.0298719 0.0082248 0.0124747 0.0041609 0.0304191 0.0167713 0.0344922 0.0221786 
1382       0.0205900 0.0205900 0.0249374 0.0341011 0.0294450 0.0336603 0.0291875 0.0249627 0.0247211 0.0294450 0.0205900 0.0247211 0.0249627 0.0291050 0.0336603 0.0341360 0.0291050 0.0119457 0.0246962 0.0160923 0.0341011 0.0078896 0.0039079 0.0078896 0.0335977 0.0119576 0.0291050 0.0119457 0.0253362 0.0000000 0.0163115 0.0203919 0.0160923 0.0206054 0.0039079 0.0336603 0.0247211 0.0204123 0.0247211 0.0251009 0.0253241 0.0291344 0.0247211 0.0163026 0.0039409 0.0247211 0.0293611 0.0246962 0.0000010 0.0079646 0.0298566 0.0317859 0.0312566 0.0393863 0.0340947 0.0335977 0.0249374 0.0317442 0.0340947 0.0253178 0.0250076 0.0253241 0.0250076 0.1215399 0.1046728 0.0253501 0.0251317 0.0265035 0.0335977 0.0298719 0.0206693 0.0341011 0.1290074 0.0341011 0.0439264 0.0253178 0.0039448 0.0251256 0.0299125 0.0263319 0.0485478 0.0344430 0.0161194 0.0411254 
1383       0.0393632 0.0297951 0.0252721 0.0159986 0.0298508 0.0248759 0.0295861 0.0344075 0.0250498 0.0491726 0.0297951 0.0250498 0.0344075 0.0204775 0.0248759 0.0253398 0.0249275 0.0039162 0.0162096 0.0079162 0.0251893 0.0079842 0.0120006 0.0079162 0.0248315 0.0121046 0.0204775 0.0039349 0.0349567 0.0163115 0.0000000 0.0206564 0.0079543 0.0038693 0.0121046 0.0248759 0.0337659 0.0295314 0.0250498 0.0300024 0.0349371 0.0295314 0.0250498 0.0252721 0.0122095 0.0248315 0.0206564 0.0162096 0.0164539 0.0164539 0.0397248 0.0223285 0.0219703 0.0301659 0.0251822 0.0248315 0.0343721 0.0222978 0.0251822 0.0349305 0.0344733 0.0349371 0.0344733 0.1317365 0.1138341 0.0449636 0.0346472 0.0173789 0.0248315 0.0397485 0.0342361 0.0251893 0.1395547 0.0251893 0.0654977 0.0349305 0.0207866 0.0254655 0.0398038 0.0467846 0.0391717 0.0445592 0.0079291 0.0522046 
1384       0.0079781 0.0079781 0.0039475 0.0121375 0.0079909 0.0119974 0.0079233 0.0120925 0.0039144 0.0163026 0.0079781 0.0039144 0.0120925 0.0079029 0.0119974 0.0121497 0.0079029 0.0161306 0.0039105 0.0119855 0.0121375 0.0119855 0.0246962 0.0203715 0.0119777 0.0079155 0.0079029 0.0161306 0.0122600 0.0203919 0.0206564 0.0000000 0.0119855 0.0163675 0.0161468 0.0119974 0.0039144 0.0079107 0.0039144 0.0080219 0.0122554 0.0079107 0.0039144 0.0120804 0.0162862 0.0119777 0.0079701 0.0119658 0.0205692 0.0121004 0.0165160 0.0085840 0.0084566 0.0165898 0.0121336 0.0119777 0.0120804 0.0085717 0.0121336 0.0122514 0.0121126 0.0122554 0.0121126 0.1006029 0.0851122 0.0122679 0.0121724 0.0041814 0.0119777 0.0165229 0.0080081 0.0121375 0.1076845 0.0121375 0.0297854 0.0122514 0.0249374 0.0039756 0.0165447 0.0127340 0.0251508 0.0208441 0.0204068 0.0264570 
1385       0.0251991 0.0205692 0.0162862 0.0163050 0.0206053 0.0161131 0.0204273 0.0249374 0.0161468 0.0343366 0.0205692 0.0161468 0.0249374 0.0119407 0.0161131 0.0163215 0.0119855 0.0038859 0.0078783 0.0000010 0.0163050 0.0078819 0.0119012 0.0078527 0.0160860 0.0039040 0.0119407 0.0038859 0.0253102 0.0160923 0.0079543 0.0119855 0.0000000 0.0039388 0.0119457 0.0161131 0.0202944 0.0203919 0.0161468 0.0206984 0.0252980 0.0203919 0.0161468 0.0162862 0.0120478 0.0160860 0.0120427 0.0160700 0.0162308 0.0079567 0.0298258 0.0129809 0.0127842 0.0208986 0.0163002 0.0160860 0.0249122 0.0129625 0.0163002 0.0252918 0.0249822 0.0252980 0.0249822 0.1213987 0.1045527 0.0301846 0.0251061 0.0084286 0.0160860 0.0298411 0.0252980 0.0163050 0.1288585 0.0163050 0.0493578 0.0252918 0.0204981 0.0164065 0.0298816 0.0313743 0.0295614 0.0344075 0.0078652 0.0410807 
1386       0.0346570 0.0252980 0.0208598 0.0118883 0.0253443 0.0205336 0.0251208 0.0298258 0.0206774 0.0442863 0.0252980 0.0206774 0.0298258 0.0162261 0.0205336 0.0209108 0.0205770 0.0079162 0.0120414 0.0039202 0.0207870 0.0121046 0.0161716 0.0120006 0.0204973 0.0079922 0.0162261 0.0079543 0.0302907 0.0206054 0.0038693 0.0163675 0.0039388 0.0000000 0.0163115 0.0205336 0.0292723 0.0250753 0.0206774 0.0254669 0.0302748 0.0250753 0.0206774 0.0208598 0.0164539 0.0204973 0.0163674 0.0204775 0.0207866 0.0122219 0.0349737 0.0176742 0.0173976 0.0255976 0.0207813 0.0204973 0.0297951 0.0176490 0.0207813 0.0302682 0.0298816 0.0302748 0.0298816 0.1245129 0.1070658 0.0400734 0.0300322 0.0129007 0.0204973 0.0349933 0.0296779 0.0207870 0.1322149 0.0207870 0.0602567 0.0302682 0.0252079 0.0210179 0.0350419 0.0416894 0.0344861 0.0397248 0.0120208 0.0469601 
1387       0.0249374 0.0249374 0.0205692 0.0295314 0.0249822 0.0291581 0.0247651 0.0293909 0.0203919 0.0339587 0.0249374 0.0203919 0.0293909 0.0246962 0.0291581 0.0295616 0.0246962 0.0078819 0.0203715 0.0119457 0.0295314 0.0039040 0.0078896 0.0039040 0.0291050 0.0078896 0.0246962 0.0078819 0.0298411 0.0039079 0.0121046 0.0161468 0.0119457 0.0163115 0.0000000 0.0291581 0.0203919 0.0247211 0.0203919 0.0206984 0.0298258 0.0247211 0.0203919 0.0205692 0.0079567 0.0291050 0.0249122 0.0203715 0.0039409 0.0120599 0.0344430 0.0269422 0.0265035 0.0346401 0.0295250 0.0291050 0.0293611 0.0269061 0.0295250 0.0298193 0.0294450 0.0298258 0.0294450 0.1285486 0.1112501 0.0298566 0.0295912 0.0218461 0.0291050 0.0344619 0.0250339 0.0295314 0.1361277 0.0295314 0.0487590 0.0298193 0.0079646 0.0207227 0.0345089 0.0310180 0.0436899 0.0391090 0.0119653 0.0461680 
1388       0.0207190 0.0121126 0.0079909 0.0079585 0.0121327 0.0078694 0.0120292 0.0163191 0.0079233 0.0296465 0.0121126 0.0079233 0.0163191 0.0038869 0.0000010 0.0080046 0.0078861 0.0202324 0.0078492 0.0160366 0.0079585 0.0247402 0.0289059 0.0245275 0.0078569 0.0204273 0.0038869 0.0203294 0.0165515 0.0336603 0.0248759 0.0119974 0.0161131 0.0205336 0.0291581 0.0000000 0.0160256 0.0120094 0.0079233 0.0121823 0.0165447 0.0120094 0.0079233 0.0163026 0.0294150 0.0078569 0.0039203 0.0078492 0.0339587 0.0249822 0.0209026 0.0085208 0.0083953 0.0122328 0.0079558 0.0078569 0.0163026 0.0085086 0.0079558 0.0165397 0.0163470 0.0165447 0.0163470 0.1076845 0.0916994 0.0255198 0.0164280 0.0041512 0.0078569 0.0209120 0.0208000 0.0079585 0.1149119 0.0079585 0.0442713 0.0165397 0.0385876 0.0080487 0.0209399 0.0265163 0.0120581 0.0253241 0.0159829 0.0312897 
1392       0.0080296 0.0039514 0.0000010 0.0162147 0.0039576 0.0160256 0.0039243 0.0079860 0.0000010 0.0164167 0.0039514 0.0000010 0.0079860 0.0118769 0.0160256 0.0121037 0.0039000 0.0288251 0.0159830 0.0244843 0.0162147 0.0161468 0.0378034 0.0332730 0.0159988 0.0119974 0.0118769 0.0245776 0.0080940 0.0247211 0.0337659 0.0039144 0.0202944 0.0292723 0.0203919 0.0160256 0.0000000 0.0039182 0.0000010 0.0039721 0.0080912 0.0039182 0.0000010 0.0079781 0.0205692 0.0159988 0.0119778 0.0159830 0.0249374 0.0163026 0.0122679 0.0173844 0.0171167 0.0207806 0.0162098 0.0159988 0.0079781 0.0173604 0.0162098 0.0080883 0.0079989 0.0080912 0.0079989 0.0940205 0.0789587 0.0123522 0.0080385 0.0126976 0.0159988 0.0122725 0.0080601 0.0162147 0.1009763 0.0162147 0.0300238 0.0080883 0.0293909 0.0000010 0.0122886 0.0128242 0.0293917 0.0165160 0.0333342 0.0218140 
1393       0.0000010 0.0000010 0.0039514 0.0121497 0.0079989 0.0120094 0.0079312 0.0039553 0.0039182 0.0079989 0.0000010 0.0039182 0.0039553 0.0079107 0.0120094 0.0121620 0.0079107 0.0246962 0.0119777 0.0203919 0.0121497 0.0203919 0.0247211 0.0291050 0.0119896 0.0161629 0.0079107 0.0246962 0.0040075 0.0204123 0.0295314 0.0079107 0.0203919 0.0250753 0.0247211 0.0120094 0.0039182 0.0000000 0.0039182 0.0080299 0.0040062 0.0079185 0.0039182 0.0039514 0.0163026 0.0039182 0.0079781 0.0119777 0.0205900 0.0121126 0.0080994 0.0130245 0.0128263 0.0166068 0.0121458 0.0119896 0.0039514 0.0130060 0.0121458 0.0040047 0.0039615 0.0040062 0.0039615 0.0875441 0.0729097 0.0040102 0.0039811 0.0084566 0.0119896 0.0081022 0.0000010 0.0121497 0.0943708 0.0121497 0.0208747 0.0040047 0.0249627 0.0039796 0.0081126 0.0041609 0.0251766 0.0122679 0.0291581 0.0172651 
1394       0.0039514 0.0039514 0.0000010 0.0080138 0.0039576 0.0079233 0.0039243 0.0079860 0.0000010 0.0121126 0.0039514 0.0000010 0.0079860 0.0039144 0.0079233 0.0080219 0.0039144 0.0203715 0.0079029 0.0161468 0.0080138 0.0161468 0.0291050 0.0246962 0.0079107 0.0119974 0.0038549 0.0203715 0.0080940 0.0247211 0.0250498 0.0039144 0.0161468 0.0206774 0.0203919 0.0079233 0.0000010 0.0039182 0.0000000 0.0039721 0.0080912 0.0039182 0.0000010 0.0079781 0.0205692 0.0079107 0.0039475 0.0079029 0.0249374 0.0163026 0.0122679 0.0085840 0.0084566 0.0123190 0.0080110 0.0079107 0.0079781 0.0085717 0.0080110 0.0080883 0.0079989 0.0080912 0.0079989 0.0940205 0.0789587 0.0080994 0.0080385 0.0041814 0.0079107 0.0122725 0.0039662 0.0080138 0.1009763 0.0080138 0.0252900 0.0080883 0.0293909 0.0000010 0.0122886 0.0084054 0.0207590 0.0165160 0.0247402 0.0218140 
1395       0.0080994 0.0080994 0.0040062 0.0123269 0.0081126 0.0121823 0.0080430 0.0122804 0.0039721 0.0165616 0.0080994 0.0039721 0.0122804 0.0080219 0.0121823 0.0123395 0.0080219 0.0250753 0.0121497 0.0206984 0.0123269 0.0206984 0.0295616 0.0250753 0.0121620 0.0164008 0.0080219 0.0250753 0.0124532 0.0251009 0.0300024 0.0080219 0.0206984 0.0254669 0.0206984 0.0121823 0.0039721 0.0080299 0.0039721 0.0000000 0.0124483 0.0080299 0.0039721 0.0122679 0.0253241 0.0121620 0.0080912 0.0121497 0.0253241 0.0209026 0.0167817 0.0132289 0.0130245 0.0168587 0.0123229 0.0121620 0.0122679 0.0132099 0.0123229 0.0124441 0.0123011 0.0124483 0.0123011 0.1031877 0.0871537 0.0124613 0.0123629 0.0085840 0.0121620 0.0167889 0.0081304 0.0123269 0.1105022 0.0123269 0.0302965 0.0124441 0.0298566 0.0040348 0.0168116 0.0129429 0.0255716 0.0211870 0.0296164 0.0269260 
1396       0.0040062 0.0040062 0.0080912 0.0167465 0.0122886 0.0165447 0.0122886 0.0080994 0.0080912 0.0122886 0.0040062 0.0080912 0.0080994 0.0122554 0.0165447 0.0167641 0.0122554 0.0297951 0.0164992 0.0252980 0.0167465 0.0252980 0.0298258 0.0344075 0.0165160 0.0208812 0.0122554 0.0297951 0.0082103 0.0253241 0.0349371 0.0122554 0.0252980 0.0302748 0.0298258 0.0165447 0.0080912 0.0040062 0.0080912 0.0124483 0.0000000 0.0122679 0.0080912 0.0080912 0.0208812 0.0080912 0.0122554 0.0164992 0.0253241 0.0165447 0.0124483 0.0179982 0.0177107 0.0214838 0.0167424 0.0165160 0.0080912 0.0179725 0.0167424 0.0082045 0.0081126 0.0082074 0.0081126 0.0962804 0.0807227 0.0082159 0.0081533 0.0131316 0.0165160 0.0124532 0.0040214 0.0167465 0.1034541 0.0167465 0.0256885 0.0082045 0.0298566 0.0082219 0.0124698 0.0085312 0.0304030 0.0167641 0.0344733 0.0221678 
1397       0.0079860 0.0079860 0.0039514 0.0121497 0.0079989 0.0120094 0.0079312 0.0121046 0.0039182 0.0163191 0.0079860 0.0039182 0.0121046 0.0079107 0.0120094 0.0121620 0.0079107 0.0246962 0.0119777 0.0203919 0.0121497 0.0203919 0.0335977 0.0291050 0.0119896 0.0161629 0.0079107 0.0246962 0.0122725 0.0291344 0.0295314 0.0079107 0.0203919 0.0250753 0.0247211 0.0120094 0.0039182 0.0079185 0.0039182 0.0080299 0.0122679 0.0000000 0.0039182 0.0120925 0.0249374 0.0119896 0.0079781 0.0119777 0.0293909 0.0205900 0.0165329 0.0130245 0.0128263 0.0166068 0.0121458 0.0119896 0.0120925 0.0130060 0.0121458 0.0122639 0.0121248 0.0122679 0.0121248 0.1007220 0.0852113 0.0122804 0.0121847 0.0084566 0.0119896 0.0165398 0.0080162 0.0121497 0.1078115 0.0121497 0.0298161 0.0122639 0.0339295 0.0039796 0.0165616 0.0127475 0.0251766 0.0208654 0.0291581 0.0264855 
1398       0.0039514 0.0039514 0.0000010 0.0080138 0.0039576 0.0079233 0.0039243 0.0079860 0.0000010 0.0121126 0.0039514 0.0000010 0.0079860 0.0039144 0.0079233 0.0080219 0.0039144 0.0203715 0.0079029 0.0161468 0.0080138 0.0161468 0.0291050 0.0246962 0.0079107 0.0119974 0.0039144 0.0203715 0.0080940 0.0247211 0.0250498 0.0039144 0.0161468 0.0206774 0.0203919 0.0079233 0.0000010 0.0039182 0.0000010 0.0039721 0.0080912 0.0039182 0.0000000 0.0079781 0.0205692 0.0079107 0.0039475 0.0079029 0.0249374 0.0163026 0.0122679 0.0085840 0.0084566 0.0123190 0.0080110 0.0079107 0.0079781 0.0085717 0.0080110 0.0080883 0.0079989 0.0080912 0.0079989 0.0940205 0.0789587 0.0080994 0.0080385 0.0041814 0.0079107 0.0122725 0.0039662 0.0080138 0.1009763 0.0080138 0.0252900 0.0080883 0.0293909 0.0000010 0.0122886 0.0084054 0.0207590 0.0165160 0.0247402 0.0218140 
1401       0.0039514 0.0039514 0.0079781 0.0164992 0.0121126 0.0163026 0.0121126 0.0079860 0.0079781 0.0121126 0.0039514 0.0079781 0.0079860 0.0120804 0.0163026 0.0165160 0.0120804 0.0205484 0.0162585 0.0162862 0.0164992 0.0162862 0.0205692 0.0249122 0.0162748 0.0121004 0.0120804 0.0205484 0.0080940 0.0163026 0.0252721 0.0120804 0.0162862 0.0208598 0.0205692 0.0163026 0.0079781 0.0039514 0.0079781 0.0122679 0.0080912 0.0120925 0.0079781 0.0000000 0.0121004 0.0079781 0.0120804 0.0162585 0.0163026 0.0079909 0.0122679 0.0177107 0.0174326 0.0211526 0.0164942 0.0162748 0.0079781 0.0176858 0.0164942 0.0080883 0.0079989 0.0080912 0.0079989 0.0940205 0.0789587 0.0080994 0.0080385 0.0129303 0.0162748 0.0122725 0.0039662 0.0164992 0.1009763 0.0164992 0.0252900 0.0080883 0.0205900 0.0081052 0.0122886 0.0084054 0.0299189 0.0165160 0.0249569 0.0218140 
1402       0.0163026 0.0163026 0.0205692 0.0297951 0.0249822 0.0294150 0.0249822 0.0205900 0.0205692 0.0249822 0.0163026 0.0205692 0.0205900 0.0249122 0.0294150 0.0298258 0.0249122 0.0079487 0.0205484 0.0120478 0.0297951 0.0039369 0.0079567 0.0120478 0.0293611 0.0079567 0.0249122 0.0079487 0.0208905 0.0039409 0.0122095 0.0162862 0.0120478 0.0164539 0.0079567 0.0294150 0.0205692 0.0163026 0.0205692 0.0253241 0.0208812 0.0249374 0.0205692 0.0121004 0.0000000 0.0205692 0.0249122 0.0205484 0.0039409 0.0039409 0.0253241 0.0271993 0.0267512 0.0349567 0.0297886 0.0293611 0.0205692 0.0271625 0.0297886 0.0208755 0.0206261 0.0208812 0.0206261 0.1144928 0.0980773 0.0209026 0.0207284 0.0220497 0.0293611 0.0253362 0.0163650 0.0297951 0.1218380 0.0297951 0.0391318 0.0208755 0.0079646 0.0209057 0.0253704 0.0217075 0.0440888 0.0298258 0.0120677 0.0361379 
1403       0.0121617 0.0039514 0.0079781 0.0079457 0.0121126 0.0078569 0.0120094 0.0079860 0.0079107 0.0207190 0.0039514 0.0079107 0.0079860 0.0038819 0.0078569 0.0079917 0.0078736 0.0201977 0.0078368 0.0160098 0.0079457 0.0246962 0.0202178 0.0244843 0.0078445 0.0203919 0.0038819 0.0202944 0.0080940 0.0247211 0.0248315 0.0119777 0.0160860 0.0204973 0.0291050 0.0078569 0.0159988 0.0039182 0.0079107 0.0121620 0.0080912 0.0119896 0.0079107 0.0079781 0.0205692 0.0000000 0.0039141 0.0078368 0.0249374 0.0163026 0.0122679 0.0085062 0.0083811 0.0122122 0.0079429 0.0078445 0.0079781 0.0084940 0.0079429 0.0080883 0.0079989 0.0080912 0.0079989 0.0940205 0.0789587 0.0166341 0.0080385 0.0041444 0.0078445 0.0122725 0.0122078 0.0079457 0.1009763 0.0079457 0.0346455 0.0080883 0.0293909 0.0080357 0.0122886 0.0172738 0.0205782 0.0165160 0.0245275 0.0218140 
