WSH117	185	0.0	0.001142288343597235	0.008210529826940302	0.008083401035451455	0.0067936726467440305	0.0066898750578726456	0.006845131568600247	0.006740438324285518	0.0038685695115897012	0.004336730155923678	0.004246918713513631	0.008405268588217597	0.006335105052948673	0.006074232732476148	0.005059908025534417	0.0065752651028276425	0.006430372698854412	0.006141826878227587	0.0035742072310883054	0.008876961832395742	0.005886502959607983	0.005575895169848292	0.0074971245446386146	0.007461147472856152	0.008291354429359913	0.00846452703008118	0.004765596014805168	0.004682071761904109
WSH086	186	0.001142288343597235	0.0	0.007364635343789551	0.0072374664814333625	0.007337273427854716	0.005844014600391084	0.0059992312904235	0.007522262689726828	0.004734578629713367	0.0034652397459835754	0.003346867350282898	0.00897984521659178	0.005488643330445369	0.005233430232185262	0.004222152551968398	0.005731277630503103	0.0056061525514906445	0.006248014210793196	0.002690645423122115	0.00937316787792126	0.004988259043339155	0.00468830494115585	0.0067012769390148485	0.006665299867232388	0.008817393403329087	0.009021691541334665	0.0038685387591749806	0.0037535728731687163
WSH127	189	0.008210529826940302	0.007364635343789551	0.0	0.00042057693232428855	0.005509151991512361	0.0019741516627235136	0.001728152326748711	0.007534570756119824	0.00816831487326396	0.004595266480460609	0.0044660407519006955	0.0066836185885098594	0.0049536850884678955	0.005450513568601778	0.004021136475999001	0.004990264734361233	0.002569793231848219	0.003705118687433464	0.005171117168076772	0.008738312391682046	0.003331558591595925	0.0036210278780380574	0.0032962337936948247	0.0034798036546524044	0.006561731439414352	0.006921752969324771	0.004327738633715668	0.004629156683920705
WSH102	190	0.008083401035451455	0.0072374664814333625	0.00042057693232428855	0.0	0.005381852654777206	0.0017310551130213878	0.0013579927511301244	0.00753465449246771	0.00804101298187079	0.004468113895759336	0.004338877456441952	0.006610015539314826	0.005094076583928283	0.0055835882598387464	0.0038938129940084424	0.005130678309215905	0.0022260958949065286	0.003456997844924428	0.004830071801642519	0.008512825380607623	0.0032047284275513966	0.003494146644071587	0.0031304249543252748	0.0031346458056689215	0.006702134094774872	0.0070996410547745775	0.004200552856492875	0.0045019724636142875
WSH128	191	0.0067936726467440305	0.007337273427854716	0.005509151991512361	0.005381852654777206	0.0	0.006015923730873857	0.005834994702777429	0.0036845518265373476	0.004037350974759891	0.004621152262237184	0.004522610266531793	0.0023426698712094426	0.005813844811405414	0.006399754323926597	0.004664083100117683	0.00592353172932349	0.006891824181127372	0.006699744876452692	0.006631668044644189	0.005550956012419168	0.004260894119241623	0.004294329773228399	0.007894095323347696	0.007858118251565233	0.002442897048921002	0.002764064127599293	0.005055697424333794	0.005301757994212546
WSH116	193	0.0066898750578726456	0.005844014600391084	0.0019741516627235136	0.0017310551130213878	0.006015923730873857	0.0	0.0005249012305837973	0.0066157271813873635	0.006696257769126368	0.0044481613034764115	0.004050864737757381	0.006871761079724606	0.006140647512993913	0.0066308498419471885	0.0034659253034082915	0.006192406808060154	0.0012351761436068592	0.002101187809405083	0.003422969697025621	0.007469739083617378	0.003963561251797868	0.004182839723920171	0.0020486125490692545	0.0021381999277136415	0.007865007804382462	0.008108708230972006	0.003550166804329605	0.0035064560688830857
WSH085	194	0.006845131568600247	0.0059992312904235	0.001728152326748711	0.0013579927511301244	0.005834994702777429	0.0005249012305837973	0.0	0.006426058360514322	0.00685130778539542	0.004244239573616337	0.003846915581357497	0.006629040118054151	0.005959355424224237	0.006449544470140141	0.0032610129565212673	0.006011099231828357	0.0012173481585833435	0.002312535491878689	0.003684557641584176	0.007471911522748386	0.0037693918786001405	0.004002306381548141	0.0022225113250014888	0.002195375778187193	0.007684570224718226	0.0079138621187059	0.003346290996428759	0.0034670484922819183
WSH118	195	0.006740438324285518	0.007522262689726828	0.007534570756119824	0.00753465449246771	0.0036845518265373476	0.0066157271813873635	0.006426058360514322	0.0	0.003462342207594446	0.006668069782008002	0.0064391264349830165	0.003602775037000337	0.008305237088443256	0.008833725592276446	0.006606698702978739	0.008392074743578226	0.007478024285635151	0.007066792971899954	0.006717516746753515	0.004529535045674377	0.006980917287887432	0.00699240320442195	0.008268291072451119	0.008337609857869696	0.005166601025725755	0.004134699084682621	0.006524420323766071	0.0066423455295660525
WSH087	196	0.0038685695115897012	0.004734578629713367	0.00816831487326396	0.00804101298187079	0.004037350974759891	0.006696257769126368	0.00685130778539542	0.003462342207594446	0.0	0.005228258294337885	0.00513796325575892	0.005393471813536424	0.006962844516523875	0.007512256879082121	0.005984749305886187	0.007155522495474149	0.006640466268884938	0.006405505948021313	0.00496645002011638	0.005784886006686598	0.006481653339386082	0.006218895587100433	0.007742155554823032	0.007743388966605621	0.005514625330912552	0.005679632924598555	0.005796010772132626	0.0057414272476753615
WSH110	197	0.004336730155923678	0.0034652397459835754	0.004595266480460609	0.004468113895759336	0.004621152262237184	0.0044481613034764115	0.004244239573616337	0.006668069782008002	0.005228258294337885	0.0	0.0006099723514274832	0.006241776620955521	0.0028138891234474445	0.003431329685714002	0.001924760017481298	0.0030241344592463644	0.005217167445305251	0.005907343458452905	0.003463412442077949	0.00919432823469258	0.0018020890357513717	0.001555681276402242	0.006333554225061819	0.006334787202398652	0.0061552867541348	0.006776749111698105	0.0018634411217306357	0.0019993465513863697
WSH104	198	0.004246918713513631	0.003346867350282898	0.0044660407519006955	0.004338877456441952	0.004522610266531793	0.004050864737757381	0.003846915581357497	0.0064391264349830165	0.00513796325575892	0.0006099723514274832	0.0	0.006126697900313816	0.0029357498720726993	0.003552100848668409	0.0015853272555411985	0.0031014453954422623	0.004862630554568304	0.005555242834611836	0.0030490623876129742	0.008891780002081583	0.001741630670531083	0.001502350610333915	0.005958731165370179	0.005922754093587715	0.006130878090003749	0.006736687781046628	0.0015448400320124717	0.001722876039946367
WSH120	199	0.008405268588217597	0.00897984521659178	0.0066836185885098594	0.006610015539314826	0.0023426698712094426	0.006871761079724606	0.006629040118054151	0.003602775037000337	0.005393471813536424	0.006241776620955521	0.006126697900313816	0.0	0.007896141248691571	0.008502743748866544	0.006252240174453801	0.008083733956407758	0.0076056589686309736	0.007448282738432275	0.008036642903066132	0.004154103678427348	0.006402276225406333	0.006429020886248898	0.008514117549748621	0.00845760926558739	0.0042733485387909395	0.0028418097186455023	0.006628683496265591	0.0068761368376435835
WSH112	201	0.006335105052948673	0.005488643330445369	0.0049536850884678955	0.005094076583928283	0.005813844811405414	0.006140647512993913	0.005959355424224237	0.008305237088443256	0.006962844516523875	0.0028138891234474445	0.0029357498720726993	0.007896141248691571	0.0	0.0007228205716029912	0.004244330238523934	0.0004386531857341201	0.007060345954066617	0.007703060472109405	0.005160496832565827	0.01064630755198129	0.003237045341659164	0.003029205870917511	0.008069200000212117	0.008033222928429654	0.004143214709772547	0.006180126591909976	0.004257570792086049	0.004436506207979786
WSH092	202	0.006074232732476148	0.005233430232185262	0.005450513568601778	0.0055835882598387464	0.006399754323926597	0.0066308498419471885	0.006449544470140141	0.008833725592276446	0.007512256879082121	0.003431329685714002	0.003552100848668409	0.008502743748866544	0.0007228205716029912	0.0	0.004827934780589625	0.0005910634118385227	0.007558686478327406	0.008211194952454402	0.00492613906504668	0.011171692220815264	0.0038942338872196627	0.0036872812624115636	0.00856601605294355	0.00853003898116109	0.004753267478613767	0.006758999074653263	0.004885865134287619	0.005074705884409836
WSH115	203	0.005059908025534417	0.004222152551968398	0.004021136475999001	0.0038938129940084424	0.004664083100117683	0.0034659253034082915	0.0032610129565212673	0.006606698702978739	0.005984749305886187	0.001924760017481298	0.0015853272555411985	0.006252240174453801	0.004244330238523934	0.004827934780589625	0.0	0.004342918547786554	0.0042817501945973365	0.004994779266248268	0.0038088536779679848	0.008986794088854243	0.0013885748510296505	0.0015425016690319322	0.005394074129763489	0.005358097057981026	0.006514047217061267	0.007072628295491093	0.0008646519558775391	0.0011021894164950448
WSH107	204	0.0065752651028276425	0.005731277630503103	0.004990264734361233	0.005130678309215905	0.00592353172932349	0.006192406808060154	0.006011099231828357	0.008392074743578226	0.007155522495474149	0.0030241344592463644	0.0031014453954422623	0.008083733956407758	0.0004386531857341201	0.0005910634118385227	0.004342918547786554	0.0	0.00711534762818382	0.00776691617658861	0.00526853039901584	0.010784163209162478	0.0034091490969822237	0.003201370051545849	0.008099198539238298	0.008063373305633061	0.0043333633072418455	0.006392228515601599	0.004407367257779662	0.004586411627833399
WSH122	205	0.006430372698854412	0.0056061525514906445	0.002569793231848219	0.0022260958949065286	0.006891824181127372	0.0012351761436068592	0.0012173481585833435	0.007478024285635151	0.006640466268884938	0.005217167445305251	0.004862630554568304	0.0076056589686309736	0.007060345954066617	0.007558686478327406	0.0042817501945973365	0.00711534762818382	0.0	0.0013570791957424624	0.0033989207166999448	0.007138855254867284	0.004833522026008	0.005075497453942982	0.0013587647051539625	0.001331795247798922	0.008733698727828	0.008987820580090882	0.0043093125656578956	0.004311735217310774
WSH105	206	0.006141826878227587	0.006248014210793196	0.003705118687433464	0.003456997844924428	0.006699744876452692	0.002101187809405083	0.002312535491878689	0.007066792971899954	0.006405505948021313	0.005907343458452905	0.005555242834611836	0.007448282738432275	0.007703060472109405	0.008211194952454402	0.004994779266248268	0.00776691617658861	0.0013570791957424624	0.0	0.004099730791633147	0.006981026901257343	0.0055737776264126355	0.005772168419187564	0.001957568496470934	0.002046497616454256	0.008560982253828226	0.008810333269788702	0.005004326917884287	0.005004322692744366
WSH119	209	0.0035742072310883054	0.002690645423122115	0.005171117168076772	0.004830071801642519	0.006631668044644189	0.003422969697025621	0.003684557641584176	0.006717516746753515	0.00496645002011638	0.003463412442077949	0.0030490623876129742	0.008036642903066132	0.005160496832565827	0.00492613906504668	0.0038088536779679848	0.00526853039901584	0.0033989207166999448	0.004099730791633147	0.0	0.00793065884486833	0.00427874818622209	0.004016546390265977	0.004636703564518807	0.0046041478774252655	0.00821996816750427	0.008794027177664886	0.0035866744248502606	0.0035243611443976875
WSH088	210	0.008876961832395742	0.00937316787792126	0.008738312391682046	0.008512825380607623	0.005550956012419168	0.007469739083617378	0.007471911522748386	0.004529535045674377	0.005784886006686598	0.00919432823469258	0.008891780002081583	0.004154103678427348	0.01064630755198129	0.011171692220815264	0.008986794088854243	0.010784163209162478	0.007138855254867284	0.006981026901257343	0.00793065884486833	0.0	0.009479364165705417	0.009502764732863916	0.007421003177094371	0.007393557730148153	0.0071325971995071565	0.005504741450967369	0.009056305055911784	0.009002634136209985
WSH109	213	0.005886502959607983	0.004988259043339155	0.003331558591595925	0.0032047284275513966	0.004260894119241623	0.003963561251797868	0.0037693918786001405	0.006980917287887432	0.006481653339386082	0.0018020890357513717	0.001741630670531083	0.006402276225406333	0.003237045341659164	0.0038942338872196627	0.0013885748510296505	0.0034091490969822237	0.004833522026008	0.0055737776264126355	0.00427874818622209	0.009479364165705417	0.0	0.0004288193017931771	0.005833654812257449	0.005797677740474988	0.005673400482716574	0.006366215055590143	0.0015923774747764901	0.0017448927181853745
WSH094	216	0.005575895169848292	0.00468830494115585	0.0036210278780380574	0.003494146644071587	0.004294329773228399	0.004182839723920171	0.004002306381548141	0.00699240320442195	0.006218895587100433	0.001555681276402242	0.001502350610333915	0.006429020886248898	0.003029205870917511	0.0036872812624115636	0.0015425016690319322	0.003201370051545849	0.005075497453942982	0.005772168419187564	0.004016546390265977	0.009502764732863916	0.0004288193017931771	0.0	0.006102077921737206	0.006066100849954743	0.005809698609075285	0.006468632481649588	0.0015681798169187569	0.0017414093360817074
WSH121	217	0.0074971245446386146	0.0067012769390148485	0.0032962337936948247	0.0031304249543252748	0.007894095323347696	0.0020486125490692545	0.0022225113250014888	0.008268291072451119	0.007742155554823032	0.006333554225061819	0.005958731165370179	0.008514117549748621	0.008069200000212117	0.00856601605294355	0.005394074129763489	0.008099198539238298	0.0013587647051539625	0.001957568496470934	0.004636703564518807	0.007421003177094371	0.005833654812257449	0.006102077921737206	0.0	0.0002728624716197838	0.009655265578530437	0.010037864951479136	0.0053723569070569036	0.005375692038036858
WSH101	218	0.007461147472856152	0.006665299867232388	0.0034798036546524044	0.0031346458056689215	0.007858118251565233	0.0021381999277136415	0.002195375778187193	0.008337609857869696	0.007743388966605621	0.006334787202398652	0.005922754093587715	0.00845760926558739	0.008033222928429654	0.00853003898116109	0.005358097057981026	0.008063373305633061	0.001331795247798922	0.002046497616454256	0.0046041478774252655	0.007393557730148153	0.005797677740474988	0.006066100849954743	0.0002728624716197838	0.0	0.009679413093809357	0.010024729368460623	0.005372809887861662	0.005339714966254396
WSH114	219	0.008291354429359913	0.008817393403329087	0.006561731439414352	0.006702134094774872	0.002442897048921002	0.007865007804382462	0.007684570224718226	0.005166601025725755	0.005514625330912552	0.0061552867541348	0.006130878090003749	0.0042733485387909395	0.004143214709772547	0.004753267478613767	0.006514047217061267	0.0043333633072418455	0.008733698727828	0.008560982253828226	0.00821996816750427	0.0071325971995071565	0.005673400482716574	0.005809698609075285	0.009655265578530437	0.009679413093809357	0.0	0.0024239150345205826	0.006764131313663229	0.007020520676251787
WSH096	220	0.00846452703008118	0.009021691541334665	0.006921752969324771	0.0070996410547745775	0.002764064127599293	0.008108708230972006	0.0079138621187059	0.004134699084682621	0.005679632924598555	0.006776749111698105	0.006736687781046628	0.0028418097186455023	0.006180126591909976	0.006758999074653263	0.007072628295491093	0.006392228515601599	0.008987820580090882	0.008810333269788702	0.008794027177664886	0.005504741450967369	0.006366215055590143	0.006468632481649588	0.010037864951479136	0.010024729368460623	0.0024239150345205826	0.0	0.007447712598032307	0.0076590767722636115
WSH113	221	0.004765596014805168	0.0038685387591749806	0.004327738633715668	0.004200552856492875	0.005055697424333794	0.003550166804329605	0.003346290996428759	0.006524420323766071	0.005796010772132626	0.0018634411217306357	0.0015448400320124717	0.006628683496265591	0.004257570792086049	0.004885865134287619	0.0008646519558775391	0.004407367257779662	0.0043093125656578956	0.005004326917884287	0.0035866744248502606	0.009056305055911784	0.0015923774747764901	0.0015681798169187569	0.0053723569070569036	0.005372809887861662	0.006764131313663229	0.007447712598032307	0.0	0.00044990780773378886
WSH108	222	0.004682071761904109	0.0037535728731687163	0.004629156683920705	0.0045019724636142875	0.005301757994212546	0.0035064560688830857	0.0034670484922819183	0.0066423455295660525	0.0057414272476753615	0.0019993465513863697	0.001722876039946367	0.0068761368376435835	0.004436506207979786	0.005074705884409836	0.0011021894164950448	0.004586411627833399	0.004311735217310774	0.005004322692744366	0.0035243611443976875	0.009002634136209985	0.0017448927181853745	0.0017414093360817074	0.005375692038036858	0.005339714966254396	0.007020520676251787	0.0076590767722636115	0.00044990780773378886	0.0
