WSH117	185	0.0	0.004081783095445045	0.005977051090690537	0.005859135439317068	0.004789269578623576	0.006073514973185596	0.005919124826014667	0.003944623206269021	0.005946360013268518	0.005884644623173531	0.0036706590771339222	0.0035244347169057907	0.00600122172772611	0.005908574581712932	0.006156999494291657	0.006034895415295702	0.006196865466840998	0.006114598580655071	0.004364963214854455	0.006001155052556881	0.005845719880236355	0.005857621451891608	0.006088353814917845
WSH086	186	0.004081783095445045	0.0	0.009843846745685829	0.009725903959055825	0.008610001982309396	0.009940350080163134	0.009785899099777468	0.007538420430238674	0.00981314358535625	0.009751409650997956	0.0013104298861592316	0.006940674484462575	0.00986805683470365	0.009695430569488756	0.010023834601269196	0.009901697976651809	0.010063675568615	0.009981433687632608	0.000804047143633634	0.009867965703299803	0.009712493576128006	0.00964444027153925	0.009955188921895383
WSH125	187	0.005977051090690537	0.009843846745685829	0.0	0.00018046833018098242	0.0018667425430415952	0.0002964908422472092	0.0001412261841836734	0.002926504440248402	0.00010278870757741579	0.00015320549178671441	0.009469071333143292	0.003467496982348524	0.00016943800777231393	0.0004933912922569031	0.00035847626215939623	0.0001149914487319428	0.00042589440680272075	0.000269724586044418	0.009784928281952095	0.00010743828662673821	0.00021233765127050833	0.00046129733017690204	0.00022595511831036144
WSH095	188	0.005859135439317068	0.009725903959055825	0.00018046833018098242	0.0	0.0017557851219181485	0.00042660745154090625	6.86006919131522e-05	0.0028516125245438197	0.00021257963279520267	3.6750069504216786e-05	0.009351128546513286	0.0033495211418150964	0.0002910088815107553	0.000535093565082317	0.0005022403104320376	0.00028179540499044547	0.00048370750873283965	0.00041350664915411567	0.00966698549532209	0.0002349661694226173	5.95559633487307e-05	0.00036804165782052	0.0003572966247216836
WSH128	191	0.004789269578623576	0.008610001982309396	0.0018667425430415952	0.0017557851219181485	0.0	0.0019631548872123274	0.0018243236031756488	0.001465388020732719	0.0018243428879627778	0.0017766816881283135	0.00819778877052894	0.001991431634202245	0.0019290990629785144	0.001969642538410101	0.0020530504779704387	0.001912904582945467	0.0020804946697509626	0.001998848971204097	0.008901643941818905	0.0018792002410609261	0.001763337668101619	0.0018959855370424667	0.001982683605287151
WSH091	192	0.006073514973185596	0.009940350080163134	0.0002964908422472092	0.00042660745154090625	0.0019631548872123274	0.0	0.0004088122650463288	0.0029529469606321534	0.0002608187041524914	0.0004005553155364866	0.009565574667620598	0.0035672195346791525	0.00016483377574833327	0.0005311602804631959	0.00013640544782887433	0.0002139113391421259	0.0005713220315089413	0.00011844309109771396	0.0098814316164294	0.0002500785974701707	0.0004791278032115571	0.0007546461156951739	9.760337061423305e-05
WSH118	195	0.005919124826014667	0.009785899099777468	0.0001412261841836734	6.86006919131522e-05	0.0018243236031756488	0.0004088122650463288	0.0	0.0029123663910187282	0.00018699247631567953	6.675888231292502e-05	0.009411123687234927	0.0034095129782969035	0.0002698050003107948	0.0005105621896258504	0.0004631387598643088	0.000256208401135662	0.0005065860972088834	0.0003675103172669069	0.009726980636043733	0.00020943253660195193	8.223478427370965e-05	0.0003781566438491841	0.0003335939578136939
WSH087	196	0.003944623206269021	0.007538420430238674	0.002926504440248402	0.0028516125245438197	0.001465388020732719	0.0029529469606321534	0.0029123663910187282	0.0	0.002920779476239914	0.002877222073751822	0.007127944574819374	0.001157184464083671	0.00288070075925999	0.002852641064710778	0.0030364392330029973	0.0029750097912537793	0.003126771163337638	0.0029940073613118475	0.007830062389748184	0.002930281649661302	0.0028521647119070835	0.0028837696805130543	0.002971744886126557
WSH120	199	0.005946360013268518	0.00981314358535625	0.00010278870757741579	0.00021257963279520267	0.0018243428879627778	0.0002608187041524914	0.00018699247631567953	0.002920779476239914	0.0	0.0001912744903703666	0.009438368172813712	0.0034367949413375946	0.00023213779755274085	0.0005524537433601337	0.0003941801039600251	0.00012853868429224993	0.0004593470811756561	0.00033345203027664743	0.009754225121622516	0.00010151205013724865	0.000258097631460195	0.0005396850157439407	0.00026527528626516124
WSH103	200	0.005884644623173531	0.009751409650997956	0.00015320549178671441	3.6750069504216786e-05	0.0017766816881283135	0.0004005553155364866	6.675888231292502e-05	0.002877222073751822	0.0001912744903703666	0.0	0.009376634238455417	0.003375027757208468	0.00026155505520221597	0.0005551897349039615	0.0004702378665400268	0.000260491901637419	0.00046658590473189275	0.0003815042052621048	0.00969249118726422	0.00021363428768902856	9.035431986794757e-05	0.00039882882548502555	0.00032768841415870047
WSH122	205	0.0036706590771339222	0.0013104298861592316	0.009469071333143292	0.009351128546513286	0.00819778877052894	0.009565574667620598	0.009411123687234927	0.007127944574819374	0.009438368172813712	0.009376634238455417	0.0	0.006528470562818769	0.009493281422161111	0.009173855701270543	0.009649059188726657	0.009526922564109272	0.009688900156072464	0.009606658275090071	0.0011924263947525335	0.009493190290757268	0.009337718163585468	0.009122865403321035	0.009580413509352846
WSH105	206	0.0035244347169057907	0.006940674484462575	0.003467496982348524	0.0033495211418150964	0.001991431634202245	0.0035672195346791525	0.0034095129782969035	0.001157184464083671	0.0034367949413375946	0.003375027757208468	0.006528470562818769	0.0	0.0035206990888919636	0.003416518899049208	0.0036476911731978213	0.003525370269707893	0.003687359626806307	0.0036051207052076673	0.007232316443972084	0.003491614746380895	0.003336102804187259	0.0033153950798645634	0.003578865019492829
WSH111	207	0.00600122172772611	0.00986805683470365	0.00016943800777231393	0.0002910088815107553	0.0019290990629785144	0.00016483377574833327	0.0002698050003107948	0.00288070075925999	0.00023213779755274085	0.00026155505520221597	0.009493281422161111	0.0035206990888919636	0.0	0.0003874941956172706	0.00024008055730049058	0.00019793848196023115	0.0005422584314432467	0.00015996292634809495	0.009809138370969915	0.00024623673796299	0.00034010035078424115	0.0006156519585440467	0.000117016723102969
WSH089	208	0.005908574581712932	0.009695430569488756	0.0004933912922569031	0.000535093565082317	0.001969642538410101	0.0005311602804631959	0.0005105621896258504	0.002852641064710778	0.0005524537433601337	0.0005551897349039615	0.009173855701270543	0.003416518899049208	0.0003874941956172706	0.0	0.0005885199516930488	0.0005541415303609212	0.0008796502918767506	0.0004963643837835134	0.009651269722992259	0.0005804681829451078	0.000499571411734694	0.00027050512817786306	0.00047695039096489877
WSH088	210	0.006156999494291657	0.010023834601269196	0.00035847626215939623	0.0005022403104320376	0.0020530504779704387	0.00013640544782887433	0.0004631387598643088	0.0030364392330029973	0.0003941801039600251	0.0004702378665400268	0.009649059188726657	0.0036476911731978213	0.00024008055730049058	0.0005885199516930488	0.0	0.00029931080713213934	0.0006687578746840978	0.00011888821153625882	0.009964916137535461	0.00037152934202260674	0.0005376904868881665	0.000808972610513154	0.00014574200055016473
WSH126	211	0.006034895415295702	0.009901697976651809	0.0001149914487319428	0.00028179540499044547	0.001912904582945467	0.0002139113391421259	0.000256208401135662	0.0029750097912537793	0.00012853868429224993	0.000260491901637419	0.009526922564109272	0.003525370269707893	0.00019793848196023115	0.0005541415303609212	0.00029931080713213934	0.0	0.00042940279198920133	0.00023826293619471294	0.009842779512918077	0.00011152147727318227	0.00032731340365543777	0.0005700788601780537	0.0001717199720916276
WSH106	212	0.006196865466840998	0.010063675568615	0.00042589440680272075	0.00048370750873283965	0.0020804946697509626	0.0005713220315089413	0.0005065860972088834	0.003126771163337638	0.0004593470811756561	0.00046658590473189275	0.009688900156072464	0.003687359626806307	0.0005422584314432467	0.0008796502918767506	0.0006687578746840978	0.00042940279198920133	0.0	0.0005919967670768307	0.010004757104881268	0.00038995277678867873	0.000528032366756703	0.000770858378836286	0.0005459191346495046
WSH093	214	0.006114598580655071	0.009981433687632608	0.000269724586044418	0.00041350664915411567	0.001998848971204097	0.00011844309109771396	0.0003675103172669069	0.0029940073613118475	0.00033345203027664743	0.0003815042052621048	0.009606658275090071	0.0036051207052076673	0.00015996292634809495	0.0004963643837835134	0.00011888821153625882	0.00023826293619471294	0.0005919967670768307	0.0	0.009922515223898875	0.0003224277189197028	0.00044895682561024437	0.0007082181869912105	7.83782168552175e-05
WSH101	218	0.004364963214854455	0.000804047143633634	0.009784928281952095	0.00966698549532209	0.008901643941818905	0.0098814316164294	0.009726980636043733	0.007830062389748184	0.009754225121622516	0.00969249118726422	0.0011924263947525335	0.007232316443972084	0.009809138370969915	0.009651269722992259	0.009964916137535461	0.009842779512918077	0.010004757104881268	0.009922515223898875	0.0	0.009809047239566071	0.009653575112394272	0.009600279425042752	0.00989627045816165
WSH114	219	0.006001155052556881	0.009867965703299803	0.00010743828662673821	0.0002349661694226173	0.0018792002410609261	0.0002500785974701707	0.00020943253660195193	0.002930281649661302	0.00010151205013724865	0.00021363428768902856	0.009493190290757268	0.003491614746380895	0.00024623673796299	0.0005804681829451078	0.00037152934202260674	0.00011152147727318227	0.00038995277678867873	0.0003224277189197028	0.009809047239566071	0.0	0.00028049562033551556	0.0005233141569570871	0.0002541826992797844
WSH096	220	0.005845719880236355	0.009712493576128006	0.00021233765127050833	5.95559633487307e-05	0.001763337668101619	0.0004791278032115571	8.223478427370965e-05	0.0028521647119070835	0.000258097631460195	9.035431986794757e-05	0.009337718163585468	0.003336102804187259	0.00034010035078424115	0.000499571411734694	0.0005376904868881665	0.00032731340365543777	0.000528032366756703	0.00044895682561024437	0.009653575112394272	0.00028049562033551556	0.0	0.00031745101632914903	0.0004039027058329018
WSH124	223	0.005857621451891608	0.00964444027153925	0.00046129733017690204	0.00036804165782052	0.0018959855370424667	0.0007546461156951739	0.0003781566438491841	0.0028837696805130543	0.0005396850157439407	0.00039882882548502555	0.009122865403321035	0.0033153950798645634	0.0006156519585440467	0.00027050512817786306	0.000808972610513154	0.0005700788601780537	0.000770858378836286	0.0007082181869912105	0.009600279425042752	0.0005233141569570871	0.00031745101632914903	0.0	0.0006794278084625389
WSH090	224	0.006088353814917845	0.009955188921895383	0.00022595511831036144	0.0003572966247216836	0.001982683605287151	9.760337061423305e-05	0.0003335939578136939	0.002971744886126557	0.00026527528626516124	0.00032768841415870047	0.009580413509352846	0.003578865019492829	0.000117016723102969	0.00047695039096489877	0.00014574200055016473	0.0001717199720916276	0.0005459191346495046	7.83782168552175e-05	0.00989627045816165	0.0002541826992797844	0.0004039027058329018	0.0006794278084625389	0.0
