WSH117	185	0	0.20925779263042832	0.09062674056583706	0.09096335542774006	0.07146059110105744	0.09608903374823076	0.0913178045942853	0.08395930595399552	0.09093896035117965	0.09089772999371291	0.13377301955651616	0.06901676768023439	0.09306761427829564	0.1018354449981165	0.10487080612652817	0.09259206803763324	0.09004767247273263	0.09771303462162989	0.19783471484849452	0.089836367471435	0.0918101374217523	0.09621252916891045	0.0907738046326872
WSH086	186	0.20925779263042832	0	0.2887664830579201	0.2893199021308624	0.25916395383510865	0.2908206525388433	0.28938002087688536	0.23346509404810073	0.2919675272017666	0.2888514888043798	0.1006367035833308	0.22471503157619582	0.2887664830579202	0.29471713928482707	0.2887664830579202	0.288960675851374	0.2892184630729626	0.28876648305792024	0.058055518158646874	0.2905663717748927	0.28987235370435244	0.2942747454515105	0.2887664830579202
WSH125	187	0.09062674056583706	0.2887664830579201	0	0.02654859525842419	0.044853963029035646	0.022261441595963653	0.015743843479257506	0.08162261912510958	0.009910802997054609	0.023689409072738064	0.21635141472565264	0.07992315216192798	0.012184903150619876	0.021942427485424895	0.03048513860767357	0.00843124417478753	0.016528606800977796	0.03148383362767952	0.2766894563905355	0.022730380578237275	0.027909989914199882	0.016412483036917395	0.012463751228620463
WSH095	188	0.09096335542774006	0.2893199021308624	0.02654859525842419	0	0.05014813862676923	0.04571122571727284	0.0182339419984153	0.08740613847048159	0.03363304589451672	0.003634345400622812	0.2163514147256527	0.08217041174727696	0.029228417319997674	0.04457603825054318	0.05478647428074876	0.03056089545285888	0.03896072086223376	0.05578516930075471	0.2770260712524385	0.015921438490574313	0.006279707197943733	0.01915347056964373	0.035722132140700226
WSH128	191	0.07146059110105744	0.25916395383510865	0.044853963029035646	0.05014813862676923	0	0.055039716079355844	0.04715448263345466	0.04871432044950551	0.04564435896746616	0.047487928755883604	0.1848045071866476	0.04978807911922805	0.04926576325462553	0.061058331304367525	0.06571560930476576	0.04984402783075297	0.047787143568021294	0.05855783779986748	0.25001602485596797	0.04709106920844502	0.05236108483431092	0.05043975163210906	0.05059221913393712
WSH091	192	0.09608903374823076	0.2908206525388433	0.022261441595963653	0.04571122571727284	0.055039716079355844	0	0.032174281465740424	0.07993694250928544	0.014549639708866413	0.042628272029402184	0.21635141472565264	0.09056959592722087	0.020629062184457373	0.0150635407537248	0.01164113416789351	0.01921887738937275	0.020038613209905857	0.020361651770196908	0.27609714529186197	0.036013481741387736	0.04831699374352106	0.036112437749356824	0.012088772728291033
WSH118	195	0.0913178045942853	0.28938002087688536	0.015743843479257506	0.0182339419984153	0.04715448263345466	0.032174281465740424	0	0.0847418989902892	0.021508475521381805	0.016613129913495027	0.2163514147256527	0.0819015622397058	0.01716559120664108	0.030351981818135414	0.03970458621677031	0.024056258406107065	0.024966191890198428	0.040703281236776266	0.27738052041898376	0.031011770136079166	0.016828522104710173	0.017205233972184444	0.021383144304131393
WSH087	196	0.08395930595399552	0.23346509404810073	0.08162261912510958	0.08740613847048159	0.04871432044950551	0.07993694250928544	0.0847418989902892	0	0.08277151008008511	0.08508031799188782	0.16650988421869173	0.04740714121126232	0.07758769721559555	0.08138382374850553	0.08360158643672062	0.08000558142606347	0.08041276135732116	0.07527530723341333	0.22826431586332993	0.08166891720034049	0.08854324036649498	0.08411929019963017	0.07582714928104743
WSH120	199	0.09093896035117965	0.2919675272017666	0.009910802997054609	0.03363304589451672	0.04564435896746616	0.014549639708866413	0.021508475521381805	0.08277151008008511	0	0.03197411272983929	0.2163514147256527	0.08320413411882911	0.014818560835246504	0.01823690841741888	0.02596355050149256	0.01137601148882706	0.017614010257931155	0.026851967275911368	0.27609714529186197	0.027462531412432933	0.03584599210205842	0.023792589270861014	0.014158798288037247
WSH103	200	0.09089772999371291	0.2888514888043798	0.023689409072738064	0.003634345400622812	0.047487928755883604	0.042628272029402184	0.016613129913495027	0.08508031799188782	0.03197411272983929	0	0.2163514147256527	0.082458932722759	0.027411820204883423	0.042936273466217735	0.05115212888012594	0.029224262681852103	0.03590647743278681	0.0521508239001319	0.27684923892164975	0.015144745918569106	0.008653445667460005	0.016608663131089666	0.03208778674007742
WSH122	205	0.13377301955651616	0.1006367035833308	0.21635141472565264	0.2163514147256527	0.1848045071866476	0.21635141472565264	0.2163514147256527	0.16650988421869173	0.2163514147256527	0.2163514147256527	0	0.15316137140346753	0.2169094321638253	0.2181531765672632	0.21850935944277472	0.2163514147256527	0.21749219286322724	0.2193784993165776	0.07469175441007142	0.2164482526863179	0.2163514147256527	0.2163514147256527	0.21689952635834062
WSH105	206	0.06901676768023439	0.22471503157619582	0.07992315216192798	0.08217041174727696	0.04978807911922805	0.09056959592722087	0.0819015622397058	0.04740714121126232	0.08320413411882911	0.082458932722759	0.15316137140346753	0	0.0850257461700825	0.09405449939563192	0.0987551125674452	0.08420410460450402	0.08050610563483891	0.09170761930813406	0.221261249145747	0.0804039860617758	0.08245865796896922	0.0854105046729336	0.08329711334098655
WSH111	207	0.09306761427829564	0.2887664830579202	0.012184903150619876	0.029228417319997674	0.04926576325462553	0.020629062184457373	0.01716559120664108	0.07758769721559555	0.014818560835246504	0.027411820204883423	0.2169094321638253	0.0850257461700825	0	0.015984409128568224	0.029194709896609834	0.016611031950125386	0.01968733191244857	0.03059939039069911	0.2764523097589089	0.026909501696289525	0.030122528376259186	0.020086368755201492	0.011315185974915605
WSH089	208	0.1018354449981165	0.29471713928482707	0.021942427485424895	0.04457603825054318	0.061058331304367525	0.0150635407537248	0.030351981818135414	0.08138382374850553	0.01823690841741888	0.042936273466217735	0.2181531765672632	0.09405449939563192	0.015984409128568224	0	0.02189116125999057	0.020892218389703322	0.024805544561567826	0.025494586466717508	0.2823684074098523	0.039110689692785236	0.044436294652070385	0.028459498172510388	0.01364520741385638
WSH088	210	0.10487080612652817	0.2887664830579202	0.03048513860767357	0.05478647428074876	0.06571560930476576	0.01164113416789351	0.03970458621677031	0.08360158643672062	0.02596355050149256	0.05115212888012594	0.21850935944277472	0.0987551125674452	0.029194709896609834	0.02189116125999057	0	0.028772811494529656	0.02728657565469537	0.020398191458120007	0.2762808867425511	0.046302551596013694	0.05646834541968407	0.043342793094658445	0.019064342140048526
WSH126	211	0.09259206803763324	0.288960675851374	0.00843124417478753	0.03056089545285888	0.04984402783075297	0.01921887738937275	0.024056258406107065	0.08000558142606347	0.01137601148882706	0.029224262681852103	0.2163514147256527	0.08420410460450402	0.016611031950125386	0.020892218389703322	0.028772811494529656	0	0.01780853331454575	0.02966122826894846	0.27609714529186197	0.024514140567562716	0.03234609519450441	0.020375238252161792	0.015355286274777299
WSH106	212	0.09004767247273263	0.2892184630729626	0.016528606800977796	0.03896072086223376	0.047787143568021294	0.020038613209905857	0.024966191890198428	0.08041276135732116	0.017614010257931155	0.03590647743278681	0.21749219286322724	0.08050610563483891	0.01968733191244857	0.024805544561567826	0.02728657565469537	0.01780853331454575	0	0.031769948661529955	0.27609714529186197	0.02635454277261544	0.04117366706977547	0.02751856603241746	0.012575340093623336
WSH093	214	0.09771303462162989	0.28876648305792024	0.03148383362767952	0.05578516930075471	0.05855783779986748	0.020361651770196908	0.040703281236776266	0.07527530723341333	0.026851967275911368	0.0521508239001319	0.2193784993165776	0.09170761930813406	0.03059939039069911	0.025494586466717508	0.020398191458120007	0.02966122826894846	0.031769948661529955	0	0.27617060849696395	0.049283918877043094	0.05746704043969004	0.0437482519941218	0.024740677762008157
WSH101	218	0.19783471484849452	0.058055518158646874	0.2766894563905355	0.2770260712524385	0.25001602485596797	0.27609714529186197	0.27738052041898376	0.22826431586332993	0.27609714529186197	0.27684923892164975	0.07469175441007142	0.221261249145747	0.2764523097589089	0.2823684074098523	0.2762808867425511	0.27609714529186197	0.27609714529186197	0.27617060849696395	0	0.276097145291862	0.2778728532464509	0.28227524499360895	0.276615495798181
WSH114	219	0.089836367471435	0.2905663717748927	0.022730380578237275	0.015921438490574313	0.04709106920844502	0.036013481741387736	0.031011770136079166	0.08166891720034049	0.027462531412432933	0.015144745918569106	0.2164482526863179	0.0804039860617758	0.026909501696289525	0.039110689692785236	0.046302551596013694	0.024514140567562716	0.02635454277261544	0.049283918877043094	0.276097145291862	0	0.021263554626889596	0.01963717609313614	0.02757281851159519
WSH096	220	0.0918101374217523	0.28987235370435244	0.027909989914199882	0.006279707197943733	0.05236108483431092	0.04831699374352106	0.016828522104710173	0.08854324036649498	0.03584599210205842	0.008653445667460005	0.2163514147256527	0.08245865796896922	0.030122528376259186	0.044436294652070385	0.05646834541968407	0.03234609519450441	0.04117366706977547	0.05746704043969004	0.2778728532464509	0.021263554626889596	0	0.019595737895860315	0.037404003279635556
WSH124	223	0.09621252916891045	0.2942747454515105	0.016412483036917395	0.01915347056964373	0.05043975163210906	0.036112437749356824	0.017205233972184444	0.08411929019963017	0.023792589270861014	0.016608663131089666	0.2163514147256527	0.0854105046729336	0.020086368755201492	0.028459498172510388	0.043342793094658445	0.020375238252161792	0.02751856603241746	0.0437482519941218	0.28227524499360895	0.01963717609313614	0.019595737895860315	0	0.025190390741727967
WSH090	224	0.0907738046326872	0.2887664830579202	0.012463751228620463	0.035722132140700226	0.05059221913393712	0.012088772728291033	0.021383144304131393	0.07582714928104743	0.014158798288037247	0.03208778674007742	0.21689952635834062	0.08329711334098655	0.011315185974915605	0.01364520741385638	0.019064342140048526	0.015355286274777299	0.012575340093623336	0.024740677762008157	0.276615495798181	0.02757281851159519	0.037404003279635556	0.025190390741727967	0
