WSH117	185	0	0.25407606573516556	0.28572371288182347	0.2857237128818235	0.20021950974927774	0.28572371288182336	0.2857237128818234	0.16698886733493148	0.2857237128818235	0.28572371288182347	0.21821582225235941	0.18430308375390222	0.28572371288182347	0.31500246680646327	0.28572371288182347	0.28572371288182347	0.28572371288182336	0.28572371288182347	0.25838346236284077	0.28572371288182347	0.2857237128818234	0.3150024668064632	0.2857237128818235
WSH086	186	0.25407606573516556	0	0.5105175517893996	0.5105175517893996	0.41618682063668194	0.5105175517893994	0.5105175517893996	0.3502959543868688	0.5105175517893996	0.5105175517893996	0.0876016545959813	0.3368129292593565	0.5105175517893995	0.5294430311900241	0.5105175517893995	0.5105175517893996	0.5105175517893994	0.5105175517893996	0.06787601403418668	0.5105175517893996	0.5105175517893996	0.5294430311900242	0.5105175517893996
WSH125	187	0.28572371288182347	0.5105175517893996	0	0.016234695387224076	0.16773468415748108	0.03811257177657631	0.010573495451333497	0.2527844894624427	0.01105013215940386	0.013463665211036481	0.47518355645866456	0.23361655852575314	0.031499436862119215	0.051614109881392096	0.0421270385956204	0.00905481128457182	0.0404365285401818	0.0355293863501423	0.49399671474581436	0.014623418614935374	0.018267218888406555	0.03292453552932693	0.032918436298723104
WSH095	188	0.2857237128818235	0.5105175517893996	0.016234695387224076	0	0.1685747531730186	0.0442331777364284	0.01006751545287164	0.25359218565206076	0.021842938468006654	0.0037867417611070946	0.47518355645866467	0.23361655852575314	0.034504542231374585	0.06006456242376527	0.0496167818032333	0.02006174990032941	0.05007172682120207	0.04713934068507511	0.49399671474581447	0.01957774153321691	0.006143240484721775	0.032482507084281007	0.038046028574857484
WSH128	191	0.20021950974927774	0.41618682063668194	0.16773468415748108	0.1685747531730186	0	0.16772888790328508	0.1697442135934149	0.12310581777524149	0.16618743850760428	0.16802297493399768	0.37873966519375224	0.12068906264003625	0.17263494285715278	0.2081682564071774	0.1685859090237832	0.16618743850760426	0.16689854017078043	0.16705928386036217	0.4223191960948795	0.16618743850760417	0.1713020333672657	0.20065921968680794	0.16832217698970806
WSH091	192	0.28572371288182336	0.5105175517893994	0.03811257177657631	0.0442331777364284	0.16772888790328508	0	0.042972206362820155	0.2271300082402723	0.03555337807690533	0.04111793242885995	0.47518355645866467	0.23399883257169946	0.01725787011715332	0.042317164482252735	0.012928976197814319	0.03465049675046347	0.04962606970671581	0.017707892255970203	0.4939967147458143	0.034676236416212106	0.0487533804706692	0.06627269004398315	0.011117567573867995
WSH118	195	0.2857237128818234	0.5105175517893996	0.010573495451333497	0.01006751545287164	0.1697442135934149	0.042972206362820155	0	0.25476164607245716	0.019238675900331636	0.00908058169286499	0.4751835564586645	0.23361655852575308	0.035919546700973	0.05380102437922436	0.0461102438969488	0.01754721126268269	0.04897977196564621	0.0400208119992783	0.4939967147458143	0.02372026550735912	0.009738959833698846	0.030956586966414255	0.03719057805274
WSH087	196	0.16698886733493148	0.3502959543868688	0.2527844894624427	0.25359218565206076	0.12310581777524149	0.2271300082402723	0.25476164607245716	0	0.25374034163801373	0.2530404074130399	0.3130128867375884	0.09498884136293106	0.227160571991342	0.2600221709436799	0.2271300082402724	0.2527844894624427	0.25278448946244264	0.2271300082402725	0.35642832984506645	0.25278448946244264	0.25631946584630794	0.28567665216585014	0.22768512824658
WSH120	199	0.2857237128818235	0.5105175517893996	0.01105013215940386	0.021842938468006654	0.16618743850760428	0.03555337807690533	0.019238675900331636	0.25374034163801373	0	0.021425654188083783	0.4751835564586646	0.2336165585257532	0.03724519858514826	0.053615670534723145	0.048108387629384686	0.011479213605405684	0.04411841030711339	0.041718980883687015	0.49399671474581447	0.01535695339935649	0.025510152106156793	0.036284994495163474	0.03828598095919594
WSH103	200	0.28572371288182347	0.5105175517893996	0.013463665211036481	0.0037867417611070946	0.16802297493399768	0.04111793242885995	0.00908058169286499	0.2530404074130399	0.021425654188083783	0	0.4751835564586648	0.23361655852575314	0.03429730908561068	0.05951866538202937	0.04583004004212621	0.020047012767909236	0.04819852257121671	0.04335259892396802	0.49399671474581436	0.017704537283231556	0.009015397570209359	0.03263624475281029	0.035154452045452485
WSH122	205	0.21821582225235941	0.0876016545959813	0.47518355645866456	0.47518355645866467	0.37873966519375224	0.47518355645866467	0.4751835564586645	0.3130128867375884	0.4751835564586646	0.4751835564586648	0	0.30159020011057935	0.47518355645866484	0.47518355645866467	0.4751835564586648	0.4751835564586646	0.47518355645866467	0.4751835564586648	0.06594816101660794	0.47518355645866467	0.47518355645866467	0.47518355645866467	0.4751835564586648
WSH105	206	0.18430308375390222	0.3368129292593565	0.23361655852575314	0.23361655852575314	0.12068906264003625	0.23399883257169946	0.23361655852575308	0.09498884136293106	0.2336165585257532	0.23361655852575314	0.30159020011057935	0	0.23729470529870142	0.2650092172660198	0.2336248659263646	0.23361655852575317	0.23361655852575305	0.23361655852575328	0.3429453047175541	0.23361655852575314	0.23361655852575305	0.25865935589538497	0.2336165585257532
WSH111	207	0.28572371288182347	0.5105175517893995	0.031499436862119215	0.034504542231374585	0.17263494285715278	0.01725787011715332	0.035919546700973	0.227160571991342	0.03724519858514826	0.03429730908561068	0.47518355645866484	0.23729470529870142	0	0.03553331355002457	0.022638423334755717	0.032221944275015686	0.05318320797435818	0.02126437039438657	0.4939967147458143	0.03727292941276325	0.03706720786935153	0.062376192014028935	0.011872824621027735
WSH089	208	0.31500246680646327	0.5294430311900241	0.051614109881392096	0.06006456242376527	0.2081682564071774	0.042317164482252735	0.05380102437922436	0.2600221709436799	0.053615670534723145	0.05951866538202937	0.47518355645866467	0.2650092172660198	0.03553331355002457	0	0.04395385343086805	0.054142231789774335	0.08584267487075041	0.0411089725468152	0.5148571260296404	0.06117375882154205	0.0585149975516515	0.03842746955046585	0.04097877215565229
WSH088	210	0.28572371288182347	0.5105175517893995	0.0421270385956204	0.0496167818032333	0.1685859090237832	0.012928976197814319	0.0461102438969488	0.2271300082402724	0.048108387629384686	0.04583004004212621	0.4751835564586648	0.2336248659263646	0.022638423334755717	0.04395385343086805	0	0.042270437422900105	0.052647376890524435	0.01324605047871568	0.49399671474581436	0.04563740112855794	0.052149069834155286	0.06941072757811179	0.013832341225814573
WSH126	211	0.28572371288182347	0.5105175517893996	0.00905481128457182	0.02006174990032941	0.16618743850760426	0.03465049675046347	0.01754721126268269	0.2527844894624427	0.011479213605405684	0.020047012767909236	0.4751835564586646	0.23361655852575317	0.032221944275015686	0.054142231789774335	0.042270437422900105	0	0.03697179558128563	0.03702305048259852	0.4939967147458142	0.01539966488037262	0.023728963538479548	0.038243605791017224	0.03244803075271137
WSH106	212	0.28572371288182336	0.5105175517893994	0.0404365285401818	0.05007172682120207	0.16689854017078043	0.04962606970671581	0.04897977196564621	0.25278448946244264	0.04411841030711339	0.04819852257121671	0.47518355645866467	0.23361655852575305	0.05318320797435818	0.08584267487075041	0.052647376890524435	0.03697179558128563	0	0.04931001773031437	0.4939967147458143	0.035844844042658926	0.053304177229277924	0.0700247827563114	0.04486390271509811
WSH093	214	0.28572371288182347	0.5105175517893996	0.0355293863501423	0.04713934068507511	0.16705928386036217	0.017707892255970203	0.0400208119992783	0.2271300082402725	0.041718980883687015	0.04335259892396802	0.4751835564586648	0.23361655852575328	0.02126437039438657	0.0411089725468152	0.01324605047871568	0.03702305048259852	0.04931001773031437	0	0.49399671474581436	0.04665035919540787	0.04967162871599708	0.06442033207314933	0.015394417551006652
WSH101	218	0.25838346236284077	0.06787601403418668	0.49399671474581436	0.49399671474581447	0.4223191960948795	0.4939967147458143	0.4939967147458143	0.35642832984506645	0.49399671474581447	0.49399671474581436	0.06594816101660794	0.3429453047175541	0.4939967147458143	0.5148571260296404	0.49399671474581436	0.4939967147458142	0.4939967147458143	0.49399671474581436	0	0.4939967147458142	0.49399671474581436	0.5148571260296406	0.49399671474581447
WSH114	219	0.28572371288182347	0.5105175517893996	0.014623418614935374	0.01957774153321691	0.16618743850760417	0.034676236416212106	0.02372026550735912	0.25278448946244264	0.01535695339935649	0.017704537283231556	0.47518355645866467	0.23361655852575314	0.03727292941276325	0.06117375882154205	0.04563740112855794	0.01539966488037262	0.035844844042658926	0.04665035919540787	0.4939967147458142	0	0.02281019194129275	0.03770367845393623	0.03270881061901423
WSH096	220	0.2857237128818234	0.5105175517893996	0.018267218888406555	0.006143240484721775	0.1713020333672657	0.0487533804706692	0.009738959833698846	0.25631946584630794	0.025510152106156793	0.009015397570209359	0.47518355645866467	0.23361655852575305	0.03706720786935153	0.0585149975516515	0.052149069834155286	0.023728963538479548	0.053304177229277924	0.04967162871599708	0.49399671474581436	0.02281019194129275	0	0.032260750314759556	0.04142684019939165
WSH124	223	0.3150024668064632	0.5294430311900242	0.03292453552932693	0.032482507084281007	0.20065921968680794	0.06627269004398315	0.030956586966414255	0.28567665216585014	0.036284994495163474	0.03263624475281029	0.47518355645866467	0.25865935589538497	0.062376192014028935	0.03842746955046585	0.06941072757811179	0.038243605791017224	0.0700247827563114	0.06442033207314933	0.5148571260296406	0.03770367845393623	0.032260750314759556	0	0.060491061733902986
WSH090	224	0.2857237128818235	0.5105175517893996	0.032918436298723104	0.038046028574857484	0.16832217698970806	0.011117567573867995	0.03719057805274	0.22768512824658	0.03828598095919594	0.035154452045452485	0.4751835564586648	0.2336165585257532	0.011872824621027735	0.04097877215565229	0.013832341225814573	0.03244803075271137	0.04486390271509811	0.015394417551006652	0.49399671474581447	0.03270881061901423	0.04142684019939165	0.060491061733902986	0
